======================================================================================================================
LANE_SCALE_B_METRIC  STEP 2 -- EXACT RELATION MATRICES AND THEIR GEOMETRY
======================================================================================================================

2A.  THE RELATION MATRICES THEMSELVES (n = 6 shown in full; all n computed)

   (a) SYMPLECTIC  <c_i,c_j>     rows/cols = X1 X2 X3 X4 Z1 Z2 Z3 Z4
   X1    0.000  0.000  0.000  0.000  1.000  0.000  0.000  0.000
   X2    0.000  0.000  0.000  0.000  0.000  1.000  0.000  0.000
   X3    0.000  0.000  0.000  0.000  0.000  0.000  1.000  0.000
   X4    0.000  0.000  0.000  0.000  0.000  0.000  0.000  1.000
   Z1    1.000  0.000  0.000  0.000  0.000  0.000  0.000  0.000
   Z2    0.000  1.000  0.000  0.000  0.000  0.000  0.000  0.000
   Z3    0.000  0.000  1.000  0.000  0.000  0.000  0.000  0.000
   Z4    0.000  0.000  0.000  1.000  0.000  0.000  0.000  0.000

   (c) CODE-SPACE OVERLAP     rows/cols = X1 X2 X3 X4 Z1 Z2 Z3 Z4
   X1    1.000  0.000  0.000  0.000  0.000  0.000  0.000  0.000
   X2    0.000  1.000  0.000  0.000  0.000  0.000  0.000  0.000
   X3    0.000  0.000  1.000  0.000  0.000  0.000  0.000  0.000
   X4    0.000  0.000  0.000  1.000  0.000  0.000  0.000  0.000
   Z1    0.000  0.000  0.000  0.000  1.000  0.000  0.000  0.000
   Z2    0.000  0.000  0.000  0.000  0.000  1.000  0.000  0.000
   Z3    0.000  0.000  0.000  0.000  0.000  0.000  1.000  0.000
   Z4    0.000  0.000  0.000  0.000  0.000  0.000  0.000  1.000

   (d) SUPPORT JACCARD     rows/cols = X1 X2 X3 X4 Z1 Z2 Z3 Z4
   X1    1.000  0.333  0.500  0.500  0.333  1.000  0.500  0.500
   X2    0.333  1.000  0.500  0.500  1.000  0.333  0.500  0.500
   X3    0.500  0.500  1.000  0.600  0.500  0.500  0.600  1.000
   X4    0.500  0.500  0.600  1.000  0.500  0.500  1.000  0.600
   Z1    0.333  1.000  0.500  0.500  1.000  0.333  0.500  0.500
   Z2    1.000  0.333  0.500  0.500  0.333  1.000  0.500  0.500
   Z3    0.500  0.500  0.600  1.000  0.500  0.500  1.000  0.600
   Z4    0.500  0.500  1.000  0.600  0.500  0.500  0.600  1.000

   (e) LETTER HAMMING / n     rows/cols = X1 X2 X3 X4 Z1 Z2 Z3 Z4
   X1    0.000  0.333  0.333  0.333  0.500  0.333  0.667  0.667
   X2    0.333  0.000  0.333  0.333  0.333  0.500  0.667  0.667
   X3    0.333  0.333  0.000  0.333  0.667  0.667  0.833  0.667
   X4    0.333  0.333  0.333  0.000  0.667  0.667  0.667  0.833
   Z1    0.500  0.333  0.667  0.667  0.000  0.333  0.333  0.333
   Z2    0.333  0.500  0.667  0.667  0.333  0.000  0.333  0.333
   Z3    0.667  0.667  0.833  0.667  0.333  0.333  0.000  0.333
   Z4    0.667  0.667  0.667  0.833  0.333  0.333  0.333  0.000

======================================================================================================================
2B.  EIGENVALUE SPECTRUM OF EACH RELATION MATRIX AT EACH n   (control columns in the same table)
     RAND = random symmetric matrix, same size, same off-diagonal density and value set
     FREE = k unentangled qubits, H = 0, records = the 2k single-qubit Paulis


  (a) SYMPLECTIC
  n    2k   offdiagdens spectrum, CODE carrier (top 8)                 spectrum, FREE control (top 8)                
  ----------------------------------------------------------------------------------------------------------------
  4    4    0.3333    [+1.000 +1.000 -1.000 -1.000]                  [+1.000 +1.000 -1.000 -1.000]                 
  6    8    0.1429    [+1.000 +1.000 +1.000 +1.000 -1.000 -1.000 -1.000 -1.000] [+1.000 +1.000 +1.000 +1.000 -1.000 -1.000 -1.000 -1.000]
  8    12   0.0909    [+1.000 +1.000 +1.000 +1.000 +1.000 +1.000 -1.000 -1.000 ...] [+1.000 +1.000 +1.000 +1.000 +1.000 +1.000 -1.000 -1.000 ...]
  10   16   0.0667    [+1.000 +1.000 +1.000 +1.000 +1.000 +1.000 +1.000 +1.000 ...] [+1.000 +1.000 +1.000 +1.000 +1.000 +1.000 +1.000 +1.000 ...]
  12   20   0.0526    [+1.000 +1.000 +1.000 +1.000 +1.000 +1.000 +1.000 +1.000 ...] [+1.000 +1.000 +1.000 +1.000 +1.000 +1.000 +1.000 +1.000 ...]
  14   24   0.0435    [+1.000 +1.000 +1.000 +1.000 +1.000 +1.000 +1.000 +1.000 ...] [+1.000 +1.000 +1.000 +1.000 +1.000 +1.000 +1.000 +1.000 ...]
  16   28   0.0370    [+1.000 +1.000 +1.000 +1.000 +1.000 +1.000 +1.000 +1.000 ...] [+1.000 +1.000 +1.000 +1.000 +1.000 +1.000 +1.000 +1.000 ...]
  18   32   0.0323    [+1.000 +1.000 +1.000 +1.000 +1.000 +1.000 +1.000 +1.000 ...] [+1.000 +1.000 +1.000 +1.000 +1.000 +1.000 +1.000 +1.000 ...]
  20   36   0.0286    [+1.000 +1.000 +1.000 +1.000 +1.000 +1.000 +1.000 +1.000 ...] [+1.000 +1.000 +1.000 +1.000 +1.000 +1.000 +1.000 +1.000 ...]
  RAND control spectrum at each n (same size and density as (a)):
  4    4    0.0000    [+0.000 +0.000 +0.000 +0.000]                 
  6    8    0.1786    [+2.170 +1.000 +0.311 +0.000 +0.000 -1.000 -1.000 -1.481]
  8    12   0.0303    [+1.000 +1.000 +0.000 +0.000 +0.000 +0.000 +0.000 +0.000 ...]
  10   16   0.0500    [+1.848 +1.414 +0.765 +0.000 +0.000 +0.000 +0.000 +0.000 ...]
  12   20   0.0368    [+1.732 +1.000 +1.000 +1.000 +1.000 +0.000 +0.000 +0.000 ...]
  14   24   0.0435    [+1.970 +1.618 +1.414 +1.286 +1.000 +0.684 +0.618 +0.000 ...]
  16   28   0.0317    [+1.732 +1.618 +1.414 +1.414 +1.000 +1.000 +0.618 +0.000 ...]
  18   32   0.0222    [+2.170 +1.414 +1.414 +1.414 +1.000 +0.311 +0.000 +0.000 ...]
  20   36   0.0159    [+1.414 +1.414 +1.000 +1.000 +1.000 +1.000 +1.000 +1.000 ...]

  (c) CODE OVERLAP
  n    2k   offdiagdens spectrum, CODE carrier (top 8)                 spectrum, FREE control (top 8)                
  ----------------------------------------------------------------------------------------------------------------
  4    4    0.0000    [+1.000 +1.000 +1.000 +1.000]                  [+1.000 +1.000 +1.000 +1.000]                 
  6    8    0.0000    [+1.000 +1.000 +1.000 +1.000 +1.000 +1.000 +1.000 +1.000] [+1.000 +1.000 +1.000 +1.000 +1.000 +1.000 +1.000 +1.000]
  8    12   0.0000    [+1.000 +1.000 +1.000 +1.000 +1.000 +1.000 +1.000 +1.000 ...] [+1.000 +1.000 +1.000 +1.000 +1.000 +1.000 +1.000 +1.000 ...]
  10   16   0.0000    [+1.000 +1.000 +1.000 +1.000 +1.000 +1.000 +1.000 +1.000 ...] [+1.000 +1.000 +1.000 +1.000 +1.000 +1.000 +1.000 +1.000 ...]
  12   20   0.0000    [+1.000 +1.000 +1.000 +1.000 +1.000 +1.000 +1.000 +1.000 ...] [+1.000 +1.000 +1.000 +1.000 +1.000 +1.000 +1.000 +1.000 ...]
  14   24   0.0000    [+1.000 +1.000 +1.000 +1.000 +1.000 +1.000 +1.000 +1.000 ...] [+1.000 +1.000 +1.000 +1.000 +1.000 +1.000 +1.000 +1.000 ...]
  16   28   0.0000    [+1.000 +1.000 +1.000 +1.000 +1.000 +1.000 +1.000 +1.000 ...] [+1.000 +1.000 +1.000 +1.000 +1.000 +1.000 +1.000 +1.000 ...]
  18   32   0.0000    [+1.000 +1.000 +1.000 +1.000 +1.000 +1.000 +1.000 +1.000 ...] [+1.000 +1.000 +1.000 +1.000 +1.000 +1.000 +1.000 +1.000 ...]
  20   36   0.0000    [+1.000 +1.000 +1.000 +1.000 +1.000 +1.000 +1.000 +1.000 ...] [+1.000 +1.000 +1.000 +1.000 +1.000 +1.000 +1.000 +1.000 ...]
  RAND control spectrum at each n (same size and density as (a)):
  4    4    0.0000    [+0.000 +0.000 +0.000 +0.000]                 
  6    8    0.1786    [+2.170 +1.000 +0.311 +0.000 +0.000 -1.000 -1.000 -1.481]
  8    12   0.0303    [+1.000 +1.000 +0.000 +0.000 +0.000 +0.000 +0.000 +0.000 ...]
  10   16   0.0500    [+1.848 +1.414 +0.765 +0.000 +0.000 +0.000 +0.000 +0.000 ...]
  12   20   0.0368    [+1.732 +1.000 +1.000 +1.000 +1.000 +0.000 +0.000 +0.000 ...]
  14   24   0.0435    [+1.970 +1.618 +1.414 +1.286 +1.000 +0.684 +0.618 +0.000 ...]
  16   28   0.0317    [+1.732 +1.618 +1.414 +1.414 +1.000 +1.000 +0.618 +0.000 ...]
  18   32   0.0222    [+2.170 +1.414 +1.414 +1.414 +1.000 +0.311 +0.000 +0.000 ...]
  20   36   0.0159    [+1.414 +1.414 +1.000 +1.000 +1.000 +1.000 +1.000 +1.000 ...]

  (d) SUPPORT JACCARD
  n    2k   offdiagdens spectrum, CODE carrier (top 8)                 spectrum, FREE control (top 8)                
  ----------------------------------------------------------------------------------------------------------------
  4    4    1.0000    [+2.667 +1.333 +0.000 -0.000]                  [+2.000 +2.000 +0.000 +0.000]                 
  6    8    1.0000    [+4.951 +1.333 +0.916 +0.800 +0.000 +0.000 -0.000 -0.000] [+2.000 +2.000 +2.000 +2.000 +0.000 +0.000 +0.000 +0.000]
  8    12   1.0000    [+7.207 +1.661 +1.333 +0.800 +0.571 +0.427 +0.000 +0.000 ...] [+2.000 +2.000 +2.000 +2.000 +2.000 +2.000 +0.000 +0.000 ...]
  10   16   1.0000    [+9.444 +2.376 +1.333 +0.800 +0.795 +0.571 +0.444 +0.235 ...] [+2.000 +2.000 +2.000 +2.000 +2.000 +2.000 +2.000 +2.000 ...]
  12   20   1.0000    [+11.668 +3.076 +1.333 +1.152 +0.800 +0.571 +0.446 +0.444 ...] [+2.000 +2.000 +2.000 +2.000 +2.000 +2.000 +2.000 +2.000 ...]
  14   24   1.0000    [+13.882 +3.767 +1.500 +1.333 +0.800 +0.656 +0.571 +0.444 ...] [+2.000 +2.000 +2.000 +2.000 +2.000 +2.000 +2.000 +2.000 ...]
  16   28   1.0000    [+16.090 +4.451 +1.841 +1.333 +0.864 +0.800 +0.571 +0.444 ...] [+2.000 +2.000 +2.000 +2.000 +2.000 +2.000 +2.000 +2.000 ...]
  18   32   1.0000    [+18.292 +5.130 +2.178 +1.333 +1.068 +0.800 +0.571 +0.548 ...] [+2.000 +2.000 +2.000 +2.000 +2.000 +2.000 +2.000 +2.000 ...]
  20   36   1.0000    [+20.491 +5.805 +2.511 +1.333 +1.270 +0.800 +0.683 +0.571 ...] [+2.000 +2.000 +2.000 +2.000 +2.000 +2.000 +2.000 +2.000 ...]
  RAND control spectrum at each n (same size and density as (a)):
  4    4    0.0000    [+0.000 +0.000 +0.000 +0.000]                 
  6    8    0.1786    [+2.170 +1.000 +0.311 +0.000 +0.000 -1.000 -1.000 -1.481]
  8    12   0.0303    [+1.000 +1.000 +0.000 +0.000 +0.000 +0.000 +0.000 +0.000 ...]
  10   16   0.0500    [+1.848 +1.414 +0.765 +0.000 +0.000 +0.000 +0.000 +0.000 ...]
  12   20   0.0368    [+1.732 +1.000 +1.000 +1.000 +1.000 +0.000 +0.000 +0.000 ...]
  14   24   0.0435    [+1.970 +1.618 +1.414 +1.286 +1.000 +0.684 +0.618 +0.000 ...]
  16   28   0.0317    [+1.732 +1.618 +1.414 +1.414 +1.000 +1.000 +0.618 +0.000 ...]
  18   32   0.0222    [+2.170 +1.414 +1.414 +1.414 +1.000 +0.311 +0.000 +0.000 ...]
  20   36   0.0159    [+1.414 +1.414 +1.000 +1.000 +1.000 +1.000 +1.000 +1.000 ...]

  (e) LETTER HAMMING
  n    2k   offdiagdens spectrum, CODE carrier (top 8)                 spectrum, FREE control (top 8)                
  ----------------------------------------------------------------------------------------------------------------
  4    4    1.0000    [+1.750 -0.250 -0.750 -0.750]                  [+2.500 -0.500 -0.500 -1.500]                 
  6    8    1.0000    [+3.528 -0.088 -0.167 -0.167 -0.500 -0.500 -0.528 -1.579] [+3.250 -0.250 -0.250 -0.250 -0.250 -0.750 -0.750 -0.750]
  8    12   1.0000    [+5.454 -0.029 -0.125 -0.125 -0.125 -0.146 -0.197 -0.375 ...] [+3.500 -0.167 -0.167 -0.167 -0.167 -0.167 -0.167 -0.500 ...]
  10   16   1.0000    [+7.434 -0.013 -0.052 -0.070 -0.100 -0.100 -0.100 -0.100 ...] [+3.625 -0.125 -0.125 -0.125 -0.125 -0.125 -0.125 -0.125 ...]
  12   20   1.0000    [+9.439 -0.007 -0.028 -0.034 -0.083 -0.083 -0.083 -0.083 ...] [+3.700 -0.100 -0.100 -0.100 -0.100 -0.100 -0.100 -0.100 ...]
  14   24   1.0000    [+11.458 -0.004 -0.015 -0.020 -0.056 -0.071 -0.071 -0.071 ...] [+3.750 -0.083 -0.083 -0.083 -0.083 -0.083 -0.083 -0.083 ...]
  16   28   1.0000    [+13.486 -0.003 -0.010 -0.012 -0.033 -0.044 -0.062 -0.062 ...] [+3.786 -0.071 -0.071 -0.071 -0.071 -0.071 -0.071 -0.071 ...]
  18   32   1.0000    [+15.519 -0.002 -0.007 -0.008 -0.021 -0.029 -0.046 -0.056 ...] [+3.812 -0.062 -0.062 -0.062 -0.062 -0.062 -0.062 -0.063 ...]
  20   36   1.0000    [+17.557 -0.001 -0.005 -0.006 -0.015 -0.020 -0.030 -0.050 ...] [+3.833 -0.056 -0.056 -0.056 -0.056 -0.056 -0.056 -0.056 ...]
  RAND control spectrum at each n (same size and density as (a)):
  4    4    0.0000    [+0.000 +0.000 +0.000 +0.000]                 
  6    8    0.1786    [+2.170 +1.000 +0.311 +0.000 +0.000 -1.000 -1.000 -1.481]
  8    12   0.0303    [+1.000 +1.000 +0.000 +0.000 +0.000 +0.000 +0.000 +0.000 ...]
  10   16   0.0500    [+1.848 +1.414 +0.765 +0.000 +0.000 +0.000 +0.000 +0.000 ...]
  12   20   0.0368    [+1.732 +1.000 +1.000 +1.000 +1.000 +0.000 +0.000 +0.000 ...]
  14   24   0.0435    [+1.970 +1.618 +1.414 +1.286 +1.000 +0.684 +0.618 +0.000 ...]
  16   28   0.0317    [+1.732 +1.618 +1.414 +1.414 +1.000 +1.000 +0.618 +0.000 ...]
  18   32   0.0222    [+2.170 +1.414 +1.414 +1.414 +1.000 +0.311 +0.000 +0.000 ...]
  20   36   0.0159    [+1.414 +1.414 +1.000 +1.000 +1.000 +1.000 +1.000 +1.000 ...]

======================================================================================================================
2C.  IS IT A GEOMETRY?  metric test + intrinsic dimension, CODE vs FREE vs RAND, same table
     d90  = # MDS eigenvalues carrying 90% of the positive variance
     dPR  = participation ratio of the positive MDS eigenvalues (a smooth dimension)
     neg  = fraction of |MDS spectrum| that is NEGATIVE (0 => exactly Euclidean-embeddable)
     tri  = # of ordered triples violating the triangle inequality (0 => a metric)
     cdim = correlation dimension from the pair-distance distribution (nan if degenerate)


  (a) SYMPLECTIC     d = 1 - S
  n    2k   | CODE  d90 dPR   neg  tri cdim | FREE  d90 dPR   neg  tri cdim | RAND  d90 dPR   neg  tri cdim
  ----------------------------------------------------------------------------------------------------------------
  4    4    |   1  1.00 -0.000    0   nan |   1  1.00 -0.000    0   nan |   2  1.95 0.134    2   nan
  6    8    |   3  3.00 -0.000    0   nan |   3  3.00 -0.000    0   nan |   5  4.45 0.131   10   nan
  8    12   |   5  5.00 -0.000    0   nan |   5  5.00 -0.000    0   nan |   6  6.38 0.153   28   nan
  10   16   |   7  7.00 -0.000    0   nan |   7  7.00 -0.000    0   nan |   9  8.79 0.125   22   nan
  12   20   |   9  9.00 -0.000    0   nan |   9  9.00 -0.000    0   nan |  12 11.18 0.073   10   nan
  14   24   |  10 11.00 -0.000    0   nan |  10 11.00 -0.000    0   nan |  12 11.38 0.088   26   nan
  16   28   |  12 13.00 -0.000    0   nan |  12 13.00 -0.000    0   nan |  17 16.43 0.084   28   nan
  18   32   |  14 15.00 -0.000    0   nan |  14 15.00 -0.000    0   nan |  20 19.78 0.049    8   nan
  20   36   |  16 17.00 -0.000    0   nan |  16 17.00 -0.000    0   nan |  22 22.18 0.049   12   nan

  (c) CODE OVERLAP   d = sqrt(1-|C|)
  n    2k   | CODE  d90 dPR   neg  tri cdim | FREE  d90 dPR   neg  tri cdim | RAND  d90 dPR   neg  tri cdim
  ----------------------------------------------------------------------------------------------------------------
  4    4    |   3  3.00 -0.000    0   nan |   3  3.00 -0.000    0   nan |   3  3.00 -0.000    0   nan
  6    8    |   7  7.00 -0.000    0   nan |   7  7.00 -0.000    0   nan |   7  7.00 -0.000    0   nan
  8    12   |  10 11.00 -0.000    0   nan |  10 11.00 -0.000    0   nan |  10 11.00 -0.000    0   nan
  10   16   |  14 15.00 -0.000    0   nan |  14 15.00 -0.000    0   nan |  14 15.00 -0.000    0   nan
  12   20   |  18 19.00 -0.000    0   nan |  18 19.00 -0.000    0   nan |  18 19.00 -0.000    0   nan
  14   24   |  21 23.00 -0.000    0   nan |  21 23.00 -0.000    0   nan |  21 23.00 -0.000    0   nan
  16   28   |  25 27.00 -0.000    0   nan |  25 27.00 -0.000    0   nan |  25 27.00 -0.000    0   nan
  18   32   |  28 31.00 -0.000    0   nan |  28 31.00 -0.000    0   nan |  28 31.00 -0.000    0   nan
  20   36   |  32 35.00 -0.000    0   nan |  32 35.00 -0.000    0   nan |  32 35.00 -0.000    0   nan

  (d) SUPPORT        d = 1 - J
  n    2k   | CODE  d90 dPR   neg  tri cdim | FREE  d90 dPR   neg  tri cdim | RAND  d90 dPR   neg  tri cdim
  ----------------------------------------------------------------------------------------------------------------
  4    4    |   1  1.00 -0.000    0   nan |   1  1.00 -0.000    0   nan |   2  1.56 0.226    4   nan
  6    8    |   3  2.45 -0.000    0  4.73 |   3  3.00 -0.000    0   nan |   4  3.48 0.206   44  1.43
  8    12   |   3  2.76 0.011    0  1.35 |   5  5.00 -0.000    0   nan |   5  5.10 0.268  146  2.68
  10   16   |   4  2.71 0.029    0  1.64 |   7  7.00 -0.000    0   nan |   7  6.52 0.351  620  1.87
  12   20   |   4  2.58 0.025    0  1.52 |   9  9.00 -0.000    0   nan |   8  7.67 0.357 1098  1.34
  14   24   |   4  2.51 0.025    0  1.35 |  10 11.00 -0.000    0   nan |   9  9.26 0.377 2016  1.20
  16   28   |   4  2.47 0.022    0  1.39 |  12 13.00 -0.000    0   nan |  11 10.45 0.384 3550  1.11
  18   32   |   4  2.45 0.021    0  1.30 |  14 15.00 -0.000    0   nan |  12 12.32 0.398 5606  0.97
  20   36   |   4  2.44 0.020    0  1.31 |  16 17.00 -0.000    0   nan |  13 13.47 0.399 7968  0.89

  (e) LETTERS        d = Hamming/n
  n    2k   | CODE  d90 dPR   neg  tri cdim | FREE  d90 dPR   neg  tri cdim | RAND  d90 dPR   neg  tri cdim
  ----------------------------------------------------------------------------------------------------------------
  4    4    |   2  2.00 0.053    0 -0.00 |   3  1.59 -0.000    0 -0.00 |   3  2.32 -0.000    0 -0.00
  6    8    |   4  2.30 0.117    0  0.56 |   5  4.14 -0.000    0 -0.00 |   4  3.94 0.176    4  2.62
  8    12   |   3  2.30 0.125    0  0.90 |   7  6.70 -0.000    0   nan |   5  5.59 0.258   66  1.68
  10   16   |   3  2.26 0.120    0  0.97 |  10  9.26 -0.000    0   nan |   7  6.59 0.277  206  1.25
  12   20   |   3  2.25 0.116    0  0.97 |  12 11.82 -0.000    0   nan |   8  8.30 0.309  512  1.46
  14   24   |   3  2.24 0.114    0  1.01 |  15 14.38 -0.000    0   nan |   9  9.31 0.344 1136  1.46
  16   28   |   2  2.24 0.112    0  0.96 |  17 16.94 -0.000    0   nan |  11 10.50 0.354 1854  1.40
  18   32   |   2  2.24 0.110    0  1.05 |  19 19.50 -0.000    0   nan |  12 12.33 0.369 3458  1.17
  20   36   |   2  2.24 0.109    0  1.01 |  22 22.06 -0.000    0  0.81 |  14 14.39 0.376 4710  1.27

======================================================================================================================
2D.  GAUGE TEST -- a record is only defined MODULO THE STABILISER GROUP.
     Multiply every logical by a randomly drawn stabiliser element and recompute.
     A relation that CHANGES is bookkeeping about the representative, not a relation
     between records.  10 random gauge draws per n; max change and the d90 range reported.

  n    2k   | (a) max-change  d90 range  | (c) max-change  d90 range  | (d) max-change  d90 range  | (e) max-change  d90 range 
  --------------------------------------------------------------------------------------------------------------------------------------------
  4    4    |     0.0000      1-1        |     0.0000      3-3        |     1.0000      0-2        |     0.5000      2-2       
  6    8    |     0.0000      3-3        |     0.0000      7-7        |     1.0000      2-3        |     0.6667      3-4       
  8    12   |     0.0000      5-5        |     0.0000      10-10      |     1.0000      2-4        |     0.7500      3-5       
  10   16   |     0.0000      7-7        |     0.0000      14-14      |     1.0000      2-4        |     0.8000      3-5       
  12   20   |     0.0000      9-9        |     0.0000      18-18      |     1.0000      2-4        |     0.8333      3-5       
  14   24   |     0.0000      10-10      |     0.0000      21-21      |     1.0000      2-4        |     0.8571      3-5       
  16   28   |     0.0000      12-12      |     0.0000      25-25      |     1.0000      3-4        |     0.8750      2-6       
  18   32   |     0.0000      14-14      |     0.0000      28-28      |     1.0000      3-4        |     0.8889      2-5       
  20   36   |     0.0000      16-16      |     0.0000      32-32      |     1.0000      2-5        |     0.9000      2-6       

======================================================================================================================
2E.  DOES THE INTRINSIC DIMENSION STABILISE OR DRIFT WITH n?
     A geometry means d90 approaches a CONSTANT.  Bookkeeping means d90 tracks 2k.

  n      2k     | CODE  d90 (a/c/d/e)            | d90 / (2k-1)  (a/c/d/e)       
  ------------------------------------------------------------------------------------
  4      4      |  1   3   1   2                 | 0.333  1.000  0.333  0.667    
  6      8      |  3   7   3   4                 | 0.429  1.000  0.429  0.571    
  8      12     |  5  10   3   3                 | 0.455  0.909  0.273  0.273    
  10     16     |  7  14   4   3                 | 0.467  0.933  0.267  0.200    
  12     20     |  9  18   4   3                 | 0.474  0.947  0.211  0.158    
  14     24     | 10  21   4   3                 | 0.435  0.913  0.174  0.130    
  16     28     | 12  25   4   2                 | 0.444  0.926  0.148  0.074    
  18     32     | 14  28   4   2                 | 0.452  0.903  0.129  0.065    
  20     36     | 16  32   4   2                 | 0.457  0.914  0.114  0.057    

  (a) SYMPLECTIC     d90 vs 2k slope = +0.4583   GROWS WITH n -- no fixed dimension
  (c) CODE OVERLAP   d90 vs 2k slope = +0.9000   GROWS WITH n -- no fixed dimension
  (d) SUPPORT        d90 vs 2k slope = +0.0708   GROWS WITH n -- no fixed dimension
  (e) LETTERS        d90 vs 2k slope = -0.0333   SATURATES (slope ~ 0)
