
========================================================================================================
BLOCK 0 -- THE MEASURED CROSSOVER g2_*, AND THE LIVE WINDOW.  FIRST NUMBERS OF THE RUN.
========================================================================================================
g2_* is MEASURED as argmax over a 200-point log grid of Var_psi(sum_p W_p) in the vacuum sector.
It is never coined.  The a-priori term-balance marker g2_sd = sqrt(5/12) = 0.645497 is printed beside it.
MEASURED g2_* = 8.000000   (Var = 4.999927)      g2_sd = 0.645497   ratio g2_*/g2_sd = 12.3935
LIVE WINDOW (H_BLOCK >= 0.10 AND H_MAG >= 0.10 bits): g2 in [0.419813, 0.823446]
   width in log10(g2) = 0.292579 decades;  25 of 200 grid points live (12.5%)
   window contains g2_* = False ;  contains g2_sd = True
   max H_BLOCK over the sweep = 0.184020 bits at g2 = 0.571683  (ceiling is 1 bit)
   max H_MAG   over the sweep = 0.999980 bits at g2 = 8.000000  (ceiling is 1 bit)

  g2         Var(sumW)  H_BLOCK    H_MAG      H_FULL    
  0.05       0.00009    0.000040   0.000048   1.999976  
  0.1        0.00146    0.000528   0.000630   1.999605  
  0.2        0.02630    0.006945   0.008510   1.992819  
  0.3        0.16154    0.031918   0.041752   1.955477  
  0.45       1.08661    0.128611   0.217100   1.689408  
  0.6        2.91896    0.182463   0.541315   1.077757  
  0.8        4.26588    0.110795   0.819329   0.491388  
  1          4.69800    0.057602   0.922135   0.245303  
  1.3        4.89501    0.024341   0.972197   0.103979  
  1.7        4.96426    0.009671   0.990433   0.041931  
  2.2        4.98728    0.003897   0.996582   0.017146  
  3          4.99632    0.001281   0.999011   0.005724  
  5          4.99952    0.000199   0.999872   0.000906  

========================================================================================================
ARM A0 -- REFERENCE.  vacuum sector, primary partition, primary PLAQ, 13-point grid.
========================================================================================================
D(F) for the primary partition (pre-registration's vacuity numbers, recomputed): F1=2 F2=1 F3=0 F4=1 ; SIGMA=2 ENV=2
STRUCTURAL FACT MEASURED IN verify_core V8/V11 AND USED THROUGHOUT:
   A_Sigma == Z(A_S) as an ALGEBRA (identical label spaces), hence A_Sigma is a SUBALGEBRA OF A_S,
   hence join(A_S, A_Sigma) = A_S and  I(A_S : A_Sigma) = H(Z(A_S))  IDENTICALLY.  The 'surface
   fragment' column below is therefore a THEOREM in the FULL and CENTRE channels, not a measurement.
  g2      chan   H(A_S)   I:F1     I:F2     I:F3     I:F4     I:SIGMA  I:ENV    Delta_surf  Rd  gate
  0.05    FULL   1.99998  1.99998  0.99998  0.00000  0.99998  1.99998  1.99998  0.00000     1   live
  0.05    CENTRE 1.99998  1.99998  0.99998  0.00000  0.99998  1.99998  1.99998  0.00000     1   live
  0.05    BLOCK  0.00004  0.00004  0.00003  0.00000  0.00003  0.00004  0.00004  0.00000     1   VACUOUS
  0.05    MAG    0.00005  0.00000  0.00000  0.00000  0.00000  0.00000  0.00000  0.00000     0   VACUOUS

  0.1     FULL   1.99960  1.99960  0.99970  0.00002  0.99970  1.99960  1.99960  0.00000     1   live
  0.1     CENTRE 1.99960  1.99960  0.99970  0.00002  0.99970  1.99960  1.99960  0.00000     1   live
  0.1     BLOCK  0.00053  0.00053  0.00041  0.00000  0.00041  0.00053  0.00053  0.00000     1   VACUOUS
  0.1     MAG    0.00063  0.00003  0.00001  0.00000  0.00001  0.00003  0.00003  0.00000     0   VACUOUS

  0.2     FULL   1.99282  1.99282  0.99459  0.00030  0.99459  1.99282  1.99282  0.00000     1   live
  0.2     CENTRE 1.99282  1.99282  0.99459  0.00030  0.99459  1.99282  1.99282  0.00000     1   live
  0.2     BLOCK  0.00695  0.00694  0.00546  0.00000  0.00546  0.00694  0.00695  0.00000     1   VACUOUS
  0.2     MAG    0.00851  0.00047  0.00022  0.00000  0.00022  0.00047  0.00047  0.00000     0   VACUOUS

  0.3     FULL   1.95548  1.95546  0.96705  0.00154  0.96704  1.95546  1.95549  0.00002     1   live
  0.3     CENTRE 1.95546  1.95546  0.96704  0.00153  0.96703  1.95546  1.95546  -0.00000    1   live
  0.3     BLOCK  0.03192  0.03191  0.02567  0.00005  0.02566  0.03191  0.03193  0.00002     1   VACUOUS
  0.3     MAG    0.04175  0.00243  0.00115  0.00000  0.00115  0.00243  0.00244  0.00001     0   VACUOUS

  0.45    FULL   1.68941  1.68925  0.78230  0.00535  0.78207  1.68925  1.68956  0.00031     1   live
  0.45    CENTRE 1.68925  1.68925  0.78207  0.00527  0.78199  1.68925  1.68925  0.00000     1   live
  0.45    BLOCK  0.12861  0.12846  0.10851  0.00077  0.10835  0.12846  0.12876  0.00031     1   live
  0.45    MAG    0.21710  0.00900  0.00403  0.00006  0.00397  0.00900  0.00915  0.00015     0   live

  0.6     FULL   1.07776  1.07759  0.41227  0.00344  0.41203  1.07759  1.07792  0.00033     1   live
  0.6     CENTRE 1.07759  1.07759  0.41203  0.00335  0.41195  1.07759  1.07759  0.00000     1   live
  0.6     BLOCK  0.18246  0.18230  0.16130  0.00116  0.16113  0.18230  0.18263  0.00033     1   live
  0.6     MAG    0.54132  0.00807  0.00264  0.00004  0.00257  0.00807  0.00823  0.00016     0   live

  0.8     FULL   0.49139  0.49137  0.14511  0.00044  0.14509  0.49137  0.49140  0.00003     1   live
  0.8     CENTRE 0.49137  0.49137  0.14509  0.00043  0.14508  0.49137  0.49137  -0.00000    1   live
  0.8     BLOCK  0.11079  0.11078  0.10323  0.00027  0.10321  0.11078  0.11081  0.00003     3   live
  0.8     MAG    0.81933  0.00210  0.00036  0.00000  0.00035  0.00210  0.00211  0.00002     0   live

  1       FULL   0.24530  0.24530  0.06410  0.00006  0.06410  0.24530  0.24530  0.00000     1   live
  1       CENTRE 0.24530  0.24530  0.06410  0.00006  0.06409  0.24530  0.24530  0.00000     1   live
  1       BLOCK  0.05760  0.05760  0.05549  0.00005  0.05549  0.05760  0.05760  0.00000     3   VACUOUS
  1       MAG    0.92213  0.00048  0.00005  0.00000  0.00005  0.00048  0.00048  0.00000     0   live

  1.3     FULL   0.10398  0.10398  0.02525  0.00001  0.02525  0.10398  0.10398  0.00000     1   live
  1.3     CENTRE 0.10398  0.10398  0.02525  0.00001  0.02525  0.10398  0.10398  -0.00000    1   live
  1.3     BLOCK  0.02434  0.02434  0.02397  0.00001  0.02397  0.02434  0.02434  0.00000     3   VACUOUS
  1.3     MAG    0.97220  0.00007  0.00001  0.00000  0.00001  0.00007  0.00007  0.00000     0   live

  1.7     FULL   0.04193  0.04193  0.00979  0.00000  0.00979  0.04193  0.04193  0.00000     1   VACUOUS
  1.7     CENTRE 0.04193  0.04193  0.00979  0.00000  0.00979  0.04193  0.04193  -0.00000    1   VACUOUS
  1.7     BLOCK  0.00967  0.00967  0.00962  0.00000  0.00962  0.00967  0.00967  0.00000     3   VACUOUS
  1.7     MAG    0.99043  0.00001  0.00000  0.00000  0.00000  0.00001  0.00001  0.00000     0   live

  2.2     FULL   0.01715  0.01715  0.00391  0.00000  0.00391  0.01715  0.01715  0.00000     1   VACUOUS
  2.2     CENTRE 0.01715  0.01715  0.00391  0.00000  0.00391  0.01715  0.01715  0.00000     1   VACUOUS
  2.2     BLOCK  0.00390  0.00390  0.00389  0.00000  0.00389  0.00390  0.00390  0.00000     3   VACUOUS
  2.2     MAG    0.99658  0.00000  0.00000  0.00000  0.00000  0.00000  0.00000  0.00000     0   live

  3       FULL   0.00572  0.00572  0.00128  0.00000  0.00128  0.00572  0.00572  0.00000     1   VACUOUS
  3       CENTRE 0.00572  0.00572  0.00128  0.00000  0.00128  0.00572  0.00572  -0.00000    1   VACUOUS
  3       BLOCK  0.00128  0.00128  0.00128  0.00000  0.00128  0.00128  0.00128  0.00000     3   VACUOUS
  3       MAG    0.99901  0.00000  0.00000  -0.00000 0.00000  0.00000  0.00000  0.00000     0   live

  5       FULL   0.00091  0.00091  0.00020  0.00000  0.00020  0.00091  0.00091  0.00000     1   VACUOUS
  5       CENTRE 0.00091  0.00091  0.00020  0.00000  0.00020  0.00091  0.00091  0.00000     1   VACUOUS
  5       BLOCK  0.00020  0.00020  0.00020  0.00000  0.00020  0.00020  0.00020  0.00000     3   VACUOUS
  5       MAG    0.99987  0.00000  0.00000  -0.00000 0.00000  0.00000  0.00000  0.00000     0   live


========================================================================================================
ARM A1 -- CHARGE SECTOR.  eta = -1 at {0,4}.  ISOLATED VARIABLE: the sign pattern, nothing else.
========================================================================================================
flux(Sigma) = +1 in A0(vacuum)   ,   -1 in A1(eta{0,4})
  g2      chan   H(A_S)   I:F1     I:F2     I:F3     I:F4     I:SIGMA  I:ENV    Delta_surf  Rd  gate
  0.05    FULL   1.99999  1.99999  1.00000  0.00000  1.00000  1.99999  1.99999  0.00000     1   live
  0.05    CENTRE 1.99999  1.99999  1.00000  0.00000  1.00000  1.99999  1.99999  -0.00000    1   live
  0.05    BLOCK  0.00004  0.00004  0.00003  0.00000  0.00003  0.00004  0.00004  0.00000     1   VACUOUS
  0.05    MAG    0.00005  0.00000  0.00000  0.00000  0.00000  0.00000  0.00000  0.00000     0   VACUOUS

  0.1     FULL   1.99991  1.99991  1.00000  0.00002  1.00000  1.99991  1.99991  0.00000     1   live
  0.1     CENTRE 1.99991  1.99991  1.00000  0.00002  1.00000  1.99991  1.99991  0.00000     1   live
  0.1     BLOCK  0.00052  0.00052  0.00040  0.00000  0.00040  0.00052  0.00052  0.00000     1   VACUOUS
  0.1     MAG    0.00061  0.00003  0.00001  0.00000  0.00001  0.00003  0.00003  0.00000     0   VACUOUS

  0.2     FULL   1.99845  1.99845  1.00000  0.00031  1.00000  1.99845  1.99845  0.00000     1   live
  0.2     CENTRE 1.99845  1.99845  1.00000  0.00031  1.00000  1.99845  1.99845  0.00000     1   live
  0.2     BLOCK  0.00657  0.00657  0.00508  0.00000  0.00508  0.00657  0.00657  0.00000     1   VACUOUS
  0.2     MAG    0.00770  0.00047  0.00023  0.00000  0.00023  0.00047  0.00047  0.00000     0   VACUOUS

  0.3     FULL   1.99153  1.99152  1.00003  0.00166  1.00001  1.99152  1.99154  0.00003     1   live
  0.3     CENTRE 1.99152  1.99152  1.00001  0.00165  1.00000  1.99152  1.99152  0.00000     1   live
  0.3     BLOCK  0.02855  0.02854  0.02222  0.00005  0.02221  0.02854  0.02856  0.00003     1   VACUOUS
  0.3     MAG    0.03327  0.00243  0.00123  0.00001  0.00123  0.00243  0.00245  0.00001     0   VACUOUS

  0.45    FULL   1.95265  1.95238  1.00058  0.00930  1.00017  1.95238  1.95293  0.00055     1   live
  0.45    CENTRE 1.95238  1.95238  1.00017  0.00915  1.00003  1.95238  1.95238  0.00000     1   live
  0.45    BLOCK  0.11854  0.11826  0.09465  0.00107  0.09437  0.11826  0.11882  0.00055     1   live
  0.45    MAG    0.13651  0.01219  0.00696  0.00018  0.00685  0.01219  0.01246  0.00028     0   live

  0.6     FULL   1.85649  1.85494  1.00333  0.02901  1.00107  1.85494  1.85804  0.00310     1   live
  0.6     CENTRE 1.85494  1.85494  1.00107  0.02818  1.00024  1.85494  1.85494  0.00000     1   live
  0.6     BLOCK  0.28327  0.28172  0.23341  0.00779  0.23186  0.28172  0.28481  0.00310     1   live
  0.6     MAG    0.32065  0.03245  0.02129  0.00152  0.02068  0.03245  0.03400  0.00155     0   live

  0.8     FULL   1.68489  1.68161  1.00719  0.06289  1.00249  1.68161  1.68818  0.00657     1   live
  0.8     CENTRE 1.68161  1.68161  1.00249  0.06102  1.00062  1.68161  1.68161  0.00000     1   live
  0.8     BLOCK  0.51650  0.51321  0.43137  0.02991  0.42809  0.51321  0.51978  0.00657     1   live
  0.8     MAG    0.56633  0.06049  0.04336  0.00544  0.04214  0.06049  0.06378  0.00329     0   live

  1       FULL   1.54569  1.54320  1.00547  0.07830  1.00198  1.54320  1.54818  0.00498     1   live
  1       CENTRE 1.54320  1.54320  1.00198  0.07681  1.00048  1.54320  1.54320  0.00000     1   live
  1       BLOCK  0.68501  0.68252  0.56384  0.04844  0.56135  0.68252  0.68750  0.00498     1   live
  1       MAG    0.72724  0.07034  0.04923  0.00655  0.04838  0.07034  0.07283  0.00249     0   live

  1.3     FULL   1.39817  1.39740  1.00167  0.06840  1.00063  1.39740  1.39893  0.00154     1   live
  1.3     CENTRE 1.39740  1.39740  1.00063  0.06790  1.00014  1.39740  1.39740  -0.00000    1   live
  1.3     BLOCK  0.84026  0.83949  0.68586  0.05162  0.68509  0.83949  0.84103  0.00154     1   live
  1.3     MAG    0.86249  0.05805  0.03581  0.00360  0.03558  0.05805  0.05882  0.00077     0   live

  1.7     FULL   1.25504  1.25493  1.00023  0.04097  1.00009  1.25493  1.25514  0.00021     1   live
  1.7     CENTRE 1.25493  1.25493  1.00009  0.04089  1.00001  1.25493  1.25493  -0.00000    1   live
  1.7     BLOCK  0.93816  0.93805  0.79729  0.03548  0.79719  0.93805  0.93827  0.00021     1   live
  1.7     MAG    0.94495  0.03325  0.01645  0.00089  0.01643  0.03325  0.03336  0.00011     0   live

  2.2     FULL   1.14052  1.14051  1.00002  0.01911  1.00001  1.14051  1.14053  0.00002     1   live
  2.2     CENTRE 1.14051  1.14051  1.00001  0.01911  1.00000  1.14051  1.14051  -0.00000    1   live
  2.2     BLOCK  0.97936  0.97935  0.88671  0.01793  0.88670  0.97935  0.97937  0.00002     3   live
  2.2     MAG    0.98076  0.01510  0.00583  0.00014  0.00583  0.01510  0.01511  0.00001     0   live

  3       FULL   1.05755  1.05755  1.00000  0.00629  1.00000  1.05755  1.05755  0.00000     3   live
  3       CENTRE 1.05755  1.05755  1.00000  0.00629  1.00000  1.05755  1.05755  0.00000     3   live
  3       BLOCK  0.99484  0.99484  0.95293  0.00616  0.95293  0.99484  0.99484  0.00000     3   live
  3       MAG    0.99499  0.00488  0.00146  0.00001  0.00146  0.00488  0.00488  0.00000     0   live

  5       FULL   1.01071  1.01071  1.00000  0.00086  1.00000  1.01071  1.01071  0.00000     3   live
  5       CENTRE 1.01071  1.01071  1.00000  0.00086  1.00000  1.01071  1.01071  0.00000     3   live
  5       BLOCK  0.99943  0.99943  0.99116  0.00086  0.99116  0.99943  0.99943  0.00000     3   live
  5       MAG    0.99943  0.00066  0.00015  0.00000  0.00015  0.00066  0.00066  0.00000     0   live


========================================================================================================
ARM A1 DIFF -- A1 minus A0.  PRINTED, NOT SUMMARISED.
========================================================================================================
  g2      chan   dH(A_S)    dI:F1      dI:F2      dI:F3      dI:F4      dI:SIGMA   dI:ENV     dDelta_surf
  0.05    FULL   0.000018   0.000018   0.000018   0.000000   0.000018   0.000018   0.000018   -0.000000 
  0.05    CENTRE 0.000018   0.000018   0.000018   0.000000   0.000018   0.000018   0.000018   -0.000000 
  0.05    BLOCK  -0.000000  -0.000000  -0.000000  -0.000000  -0.000000  -0.000000  -0.000000  -0.000000 
  0.05    MAG    -0.000000  -0.000000  -0.000000  0.000000   -0.000000  -0.000000  -0.000000  -0.000000 

  0.1     FULL   0.000303   0.000303   0.000300   0.000000   0.000300   0.000303   0.000303   0.000000  
  0.1     CENTRE 0.000303   0.000303   0.000300   0.000000   0.000300   0.000303   0.000303   0.000000  
  0.1     BLOCK  -0.000008  -0.000008  -0.000008  -0.000000  -0.000008  -0.000008  -0.000008  0.000000  
  0.1     MAG    -0.000015  -0.000000  -0.000000  0.000000   -0.000000  -0.000000  -0.000000  0.000000  

  0.2     FULL   0.005630   0.005630   0.005409   0.000003   0.005409   0.005630   0.005630   0.000000  
  0.2     CENTRE 0.005630   0.005630   0.005409   0.000003   0.005409   0.005630   0.005630   0.000000  
  0.2     BLOCK  -0.000378  -0.000378  -0.000379  -0.000000  -0.000379  -0.000378  -0.000378  0.000000  
  0.2     MAG    -0.000806  -0.000008  0.000002   0.000000   0.000002   -0.000008  -0.000008  0.000000  

  0.3     FULL   0.036053   0.036052   0.032973   0.000115   0.032972   0.036052   0.036054   0.000002  
  0.3     CENTRE 0.036052   0.036052   0.032972   0.000115   0.032971   0.036052   0.036052   0.000000  
  0.3     BLOCK  -0.003369  -0.003370  -0.003446  -0.000004  -0.003447  -0.003370  -0.003368  0.000002  
  0.3     MAG    -0.008481  0.000003   0.000080   0.000001   0.000079   0.000003   0.000004   0.000001  

  0.45    FULL   0.263244   0.263122   0.218284   0.003949   0.218103   0.263122   0.263366   0.000244  
  0.45    CENTRE 0.263122   0.263122   0.218103   0.003885   0.218039   0.263122   0.263122   0.000000  
  0.45    BLOCK  -0.010070  -0.010192  -0.013859  0.000298   -0.013981  -0.010192  -0.009948  0.000244  
  0.45    MAG    -0.080587  0.003193   0.002925   0.000116   0.002881   0.003193   0.003315   0.000122  

  0.6     FULL   0.778734   0.777349   0.591062   0.025578   0.589041   0.777349   0.780120   0.002771  
  0.6     CENTRE 0.777349   0.777349   0.589041   0.024827   0.588291   0.777349   0.777349   0.000000  
  0.6     BLOCK  0.100802   0.099416   0.072114   0.006630   0.070728   0.099416   0.102188   0.002771  
  0.6     MAG    -0.220666  0.024386   0.018650   0.001479   0.018112   0.024386   0.025771   0.001386  

  0.8     FULL   1.193507   1.190236   0.862080   0.062451   0.857397   1.190236   1.196778   0.006543  
  0.8     CENTRE 1.190236   1.190236   0.857397   0.060591   0.855537   1.190236   1.190236   0.000000  
  0.8     BLOCK  0.405701   0.402430   0.328144   0.029638   0.324873   0.402430   0.408972   0.006543  
  0.8     MAG    -0.252998  0.058393   0.043007   0.005434   0.041793   0.058393   0.061665   0.003271  

  1       FULL   1.300387   1.297897   0.941369   0.078242   0.937883   1.297897   1.302877   0.004980  
  1       CENTRE 1.297897   1.297897   0.937883   0.076748   0.936389   1.297897   1.297897   0.000000  
  1       BLOCK  0.627410   0.624920   0.508352   0.048391   0.505862   0.624920   0.629900   0.004980  
  1       MAG    -0.194894  0.069861   0.049179   0.006551   0.048331   0.069861   0.072351   0.002490  

  1.3     FULL   1.294186   1.293418   0.976426   0.068397   0.975388   1.293418   1.294955   0.001537  
  1.3     CENTRE 1.293418   1.293418   0.975388   0.067897   0.974889   1.293418   1.293418   -0.000000 
  1.3     BLOCK  0.815920   0.815151   0.661881   0.051613   0.661112   0.815151   0.816688   0.001537  
  1.3     MAG    -0.109709  0.057980   0.035800   0.003597   0.035577   0.057980   0.058748   0.000769  

  1.7     FULL   1.213105   1.212998   0.990437   0.040968   0.990298   1.212998   1.213212   0.000214  
  1.7     CENTRE 1.212998   1.212998   0.990298   0.040892   0.990223   1.212998   1.212998   -0.000000 
  1.7     BLOCK  0.928489   0.928382   0.787675   0.035478   0.787568   0.928382   0.928596   0.000214  
  1.7     MAG    -0.045479  0.033243   0.016452   0.000889   0.016428   0.033243   0.033350   0.000107  

  2.2     FULL   1.123375   1.123366   0.996106   0.019112   0.996094   1.123366   1.123385   0.000019  
  2.2     CENTRE 1.123366   1.123366   0.996094   0.019105   0.996087   1.123366   1.123366   -0.000000 
  2.2     BLOCK  0.975467   0.975458   0.882823   0.017928   0.882813   0.975458   0.975477   0.000019  
  2.2     MAG    -0.015822  0.015102   0.005833   0.000137   0.005832   0.015102   0.015112   0.000010  

  3       FULL   1.051826   1.051825   0.998718   0.006289   0.998717   1.051825   1.051826   0.000001  
  3       CENTRE 1.051825   1.051825   0.998717   0.006289   0.998717   1.051825   1.051825   0.000000  
  3       BLOCK  0.993557   0.993556   0.951645   0.006160   0.951644   0.993556   0.993557   0.000001  
  3       MAG    -0.004025  0.004881   0.001455   0.000011   0.001455   0.004881   0.004882   0.000000  

  5       FULL   1.009803   1.009803   0.999801   0.000859   0.999801   1.009803   1.009803   0.000000  
  5       CENTRE 1.009803   1.009803   0.999801   0.000859   0.999801   1.009803   1.009803   0.000000  
  5       BLOCK  0.999232   0.999232   0.990962   0.000856   0.990961   0.999232   0.999232   0.000000  
  5       MAG    -0.000438  0.000658   0.000152   0.000000   0.000152   0.000658   0.000658   0.000000  


========================================================================================================
ARM A2 -- BOUNDARY ALGEBRA.  WIDE (S u Sigma) vs NARROW (=CENTER on the physical sector).
========================================================================================================
ISOLATED VARIABLE: the algebra assigned to S.  State, partition, coupling, sector all fixed.
WIDE FULL   : n=5 dim=32 r=1 s=2 maxent=3 bits
NARROW FULL : n=4 dim=16 r=2 s=1 maxent=3 bits
  g2      H_FULL(WIDE)  H_FULL(NARROW)  DISAGREEMENT   H_MAG(WIDE)  H_MAG(NARROW)  dMAG   DS(W)-DS(N) FULL
  0.05    0.999982      1.999976        -0.999994      0.000090     0.000048       0.000042 0.000000
  0.1     0.999700      1.999605        -0.999905      0.001190     0.000630       0.000560 0.000000
  0.2     0.994592      1.992819        -0.998228      0.016267     0.008510       0.007757 0.000001
  0.3     0.967054      1.955477        -0.988424      0.080754     0.041752       0.039002 0.000012
  0.45    0.782292      1.689408        -0.907116      0.426840     0.217100       0.209741 0.000164
  0.6     0.412268      1.077757        -0.665490      1.076236     0.541315       0.534921 0.000181
  0.8     0.145114      0.491388        -0.346274      1.636836     0.819329       0.817506 0.000017
  1       0.064097      0.245303        -0.181206      1.843839     0.922135       0.921704 0.000001
  1.3     0.025247      0.103979        -0.078732      1.944333     0.972197       0.972135 0.000000
  1.7     0.009792      0.041931        -0.032139      1.980858     0.990433       0.990425 0.000000
  2.2     0.003914      0.017146        -0.013231      1.993163     0.996582       0.996581 0.000000
  3       0.001283      0.005724        -0.004441      1.998022     0.999011       0.999011 0.000000
  5       0.000199      0.000906        -0.000707      1.999744     0.999872       0.999872 0.000000

========================================================================================================
ARM 2 OF THE COMMISSION -- REMOVE THE COUPLING.  Fix g2 at ONE value, delete the sweep.
========================================================================================================
Does the boundary-algebra disagreement stop varying, or was the phase-indexing an artefact?
The disagreement above is a FUNCTION of g2.  Deleting the sweep does not change any number; it
deletes the ability to SEE the number vary.  Reported as the range of the disagreement:
   WIDE-NARROW FULL disagreement over the grid: min = -0.999994 at g2=0.05 ; max = -0.000707 at g2=5 ; range = 0.999288 bits
   WIDE-NARROW MAG  disagreement over the grid: min = 0.000042 ; max = 0.999872 ; range = 0.999830 bits
   at the single fixed point g2 = g2_sd = 0.645497 the disagreement is a CONSTANT:
       H_FULL(WIDE) = 0.321509   H_FULL(NARROW) = 0.901495   disagreement = -0.579986 bits

========================================================================================================
ARM 3 OF THE COMMISSION -- VARY THE BOUNDARY FORMATION.  R1 / R2 / R3, THE PRE-REGISTERED PAIRS.
========================================================================================================
The boundary's EXISTENCE is held byte-identical in every pair: Sigma = {0,4,5}, same links, same
algebra, same partition, same Hamiltonian, same coupling grid.  Only the ROUTE moves.

--------------------------------------------------------------------------------------------------------
R1 ALPHA :  eta{0,4}  vs  eta{1,5}      flux(Sigma) = -1  vs  -1   -> IDENTICAL: True
  g2      chan   H(A_S)_a   H(A_S)_b   dH        I:ENV_a    I:ENV_b    dI:ENV     DS_a      DS_b      dDS
  0.05    FULL   1.999994   1.999994   0.000000  1.999994   1.999994   0.000000   0.000000  0.000000  -0.000000
  0.05    CENTRE 1.999994   1.999994   0.000000  1.999994   1.999994   0.000000   -0.000000 -0.000000 0.000000 
  0.05    BLOCK  0.000040   0.000040   -0.000000 0.000040   0.000040   -0.000000  0.000000  0.000000  -0.000000
  0.05    MAG    0.000047   0.000047   -0.000000 0.000002   0.000002   -0.000000  0.000000  0.000000  -0.000000

  0.1     FULL   1.999908   1.999909   0.000001  1.999908   1.999909   0.000001   0.000000  0.000000  -0.000000
  0.1     CENTRE 1.999908   1.999909   0.000001  1.999908   1.999909   0.000001   0.000000  0.000000  0.000000 
  0.1     BLOCK  0.000521   0.000520   -0.000001 0.000521   0.000520   -0.000001  0.000000  0.000000  -0.000000
  0.1     MAG    0.000615   0.000611   -0.000004 0.000028   0.000028   -0.000000  0.000000  0.000000  -0.000000

  0.2     FULL   1.998450   1.998484   0.000034  1.998450   1.998484   0.000034   0.000001  0.000001  -0.000000
  0.2     CENTRE 1.998449   1.998483   0.000034  1.998449   1.998483   0.000034   0.000000  0.000000  0.000000 
  0.2     BLOCK  0.006567   0.006525   -0.000042 0.006568   0.006526   -0.000042  0.000001  0.000001  -0.000000
  0.2     MAG    0.007704   0.007536   -0.000168 0.000467   0.000439   -0.000028  0.000001  0.000000  -0.000000

  0.3     FULL   1.991531   1.991892   0.000361  1.991544   1.991901   0.000357   0.000027  0.000018  -0.000009
  0.3     CENTRE 1.991517   1.991883   0.000366  1.991517   1.991883   0.000366   0.000000  0.000000  -0.000000
  0.3     BLOCK  0.028549   0.028226   -0.000323 0.028562   0.028235   -0.000328  0.000027  0.000018  -0.000009
  0.3     MAG    0.033272   0.031863   -0.001409 0.002446   0.002130   -0.000315  0.000013  0.000009  -0.000005

  0.45    FULL   1.952652   1.955258   0.002606  1.952928   1.955376   0.002448   0.000552  0.000235  -0.000317
  0.45    CENTRE 1.952376   1.955140   0.002764  1.952376   1.955140   0.002764   0.000000  0.000000  -0.000000
  0.45    BLOCK  0.118540   0.117973   -0.000568 0.118816   0.118090   -0.000726  0.000552  0.000235  -0.000317
  0.45    MAG    0.136513   0.128208   -0.008305 0.012465   0.009190   -0.003275  0.000276  0.000118  -0.000158

  0.6     FULL   1.856491   1.855928   -0.000563 1.858040   1.856360   -0.001679  0.003097  0.000864  -0.002233
  0.6     CENTRE 1.854943   1.855497   0.000553  1.854943   1.855497   0.000553   0.000000  0.000000  0.000000 
  0.6     BLOCK  0.283265   0.294871   0.011606  0.284814   0.295303   0.010490   0.003097  0.000864  -0.002233
  0.6     MAG    0.320649   0.309740   -0.010910 0.034001   0.020220   -0.013781  0.001548  0.000432  -0.001116

  0.8     FULL   1.684895   1.629411   -0.055484 1.688182   1.630021   -0.058162  0.006575  0.001219  -0.005356
  0.8     CENTRE 1.681607   1.628802   -0.052805 1.681607   1.628802   -0.052805  0.000000  0.000000  0.000000 
  0.8     BLOCK  0.516496   0.578679   0.062183  0.519783   0.579288   0.059505   0.006575  0.001219  -0.005356
  0.8     MAG    0.566331   0.590334   0.024003  0.063777   0.026998   -0.036779  0.003287  0.000609  -0.002678

  1       FULL   1.545690   1.411292   -0.134398 1.548181   1.411626   -0.136556  0.004983  0.000667  -0.004315
  1       CENTRE 1.543199   1.410958   -0.132241 1.543199   1.410958   -0.132241  0.000000  0.000000  0.000000 
  1       BLOCK  0.685012   0.775506   0.090494  0.687504   0.775840   0.088336   0.004983  0.000667  -0.004315
  1       MAG    0.727241   0.781142   0.053902  0.072829   0.022117   -0.050712  0.002491  0.000334  -0.002158

  1.3     FULL   1.398165   1.214568   -0.183597 1.398934   1.214640   -0.184294  0.001537  0.000144  -0.001394
  1.3     CENTRE 1.397396   1.214496   -0.182900 1.397396   1.214496   -0.182900  -0.000000 -0.000000 0.000000 
  1.3     BLOCK  0.840260   0.908216   0.067956  0.841029   0.908288   0.067259   0.001537  0.000144  -0.001394
  1.3     MAG    0.862488   0.909708   0.047220  0.058816   0.012765   -0.046051  0.000769  0.000072  -0.000697

  1.7     FULL   1.255035   1.100286   -0.154750 1.255143   1.100294   -0.154849  0.000214  0.000016  -0.000198
  1.7     CENTRE 1.254928   1.100278   -0.154651 1.254928   1.100278   -0.154651  -0.000000 0.000000  0.000000 
  1.7     BLOCK  0.938160   0.965866   0.027706  0.938267   0.965874   0.027607   0.000214  0.000016  -0.000198
  1.7     MAG    0.944954   0.966142   0.021188  0.033358   0.005996   -0.027362  0.000107  0.000008  -0.000099

  2.2     FULL   1.140521   1.045429   -0.095092 1.140531   1.045430   -0.095101  0.000019  0.000001  -0.000018
  2.2     CENTRE 1.140511   1.045428   -0.095083 1.140511   1.045428   -0.095083  -0.000000 0.000000  0.000000 
  2.2     BLOCK  0.979364   0.987241   0.007877  0.979374   0.987242   0.007868   0.000019  0.000001  -0.000018
  2.2     MAG    0.980761   0.987286   0.006526  0.015113   0.002581   -0.012531  0.000010  0.000001  -0.000009

  3       FULL   1.057550   1.016528   -0.041022 1.057550   1.016528   -0.041023  0.000001  0.000000  -0.000001
  3       CENTRE 1.057550   1.016528   -0.041022 1.057550   1.016528   -0.041022  0.000000  -0.000000 -0.000000
  3       BLOCK  0.994838   0.996188   0.001350  0.994839   0.996188   0.001349   0.000001  0.000000  -0.000001
  3       MAG    0.994986   0.996192   0.001207  0.004882   0.000851   -0.004031  0.000000  0.000000  -0.000000

  5       FULL   1.010709   1.002848   -0.007860 1.010709   1.002848   -0.007860  0.000000  0.000000  -0.000000
  5       CENTRE 1.010709   1.002848   -0.007860 1.010709   1.002848   -0.007860  0.000000  -0.000000 -0.000000
  5       BLOCK  0.999431   0.999494   0.000063  0.999431   0.999494   0.000063   0.000000  0.000000  -0.000000
  5       MAG    0.999433   0.999494   0.000060  0.000658   0.000122   -0.000536  0.000000  0.000000  -0.000000

--------------------------------------------------------------------------------------------------------
R2 BETA :  vacuum  vs  eta{4,5}      flux(Sigma) = +1  vs  +1   -> IDENTICAL: True
  g2      chan   H(A_S)_a   H(A_S)_b   dH        I:ENV_a    I:ENV_b    dI:ENV     DS_a      DS_b      dDS
  0.05    FULL   1.999976   1.999976   0.000000  1.999976   1.999976   0.000000   0.000000  0.000000  -0.000000
  0.05    CENTRE 1.999976   1.999976   0.000000  1.999976   1.999976   0.000000   0.000000  0.000000  0.000000 
  0.05    BLOCK  0.000040   0.000040   -0.000000 0.000040   0.000040   -0.000000  0.000000  0.000000  -0.000000
  0.05    MAG    0.000048   0.000048   -0.000000 0.000002   0.000002   -0.000000  0.000000  0.000000  -0.000000

  0.1     FULL   1.999605   1.999611   0.000006  1.999605   1.999611   0.000006   0.000000  0.000000  -0.000000
  0.1     CENTRE 1.999605   1.999611   0.000006  1.999605   1.999611   0.000006   0.000000  0.000000  0.000000 
  0.1     BLOCK  0.000528   0.000528   -0.000000 0.000528   0.000528   -0.000000  0.000000  0.000000  -0.000000
  0.1     MAG    0.000630   0.000630   -0.000000 0.000029   0.000029   -0.000000  0.000000  0.000000  -0.000000

  0.2     FULL   1.992819   1.993234   0.000415  1.992820   1.993235   0.000415   0.000001  0.000001  -0.000000
  0.2     CENTRE 1.992819   1.993234   0.000415  1.992819   1.993234   0.000415   0.000000  0.000000  0.000000 
  0.2     BLOCK  0.006945   0.006932   -0.000013 0.006946   0.006933   -0.000013  0.000001  0.000001  -0.000000
  0.2     MAG    0.008510   0.008479   -0.000031 0.000475   0.000474   -0.000000  0.000001  0.000001  -0.000000

  0.3     FULL   1.955477   1.960804   0.005326  1.955490   1.960814   0.005324   0.000025  0.000020  -0.000005
  0.3     CENTRE 1.955465   1.960794   0.005329  1.955465   1.960794   0.005329   -0.000000 0.000000  0.000000 
  0.3     BLOCK  0.031918   0.031725   -0.000193 0.031930   0.031735   -0.000196  0.000025  0.000020  -0.000005
  0.3     MAG    0.041752   0.041051   -0.000702 0.002442   0.002447   0.000005   0.000012  0.000010  -0.000003

  0.45    FULL   1.689408   1.750799   0.061390  1.689562   1.750910   0.061348   0.000308  0.000223  -0.000085
  0.45    CENTRE 1.689254   1.750688   0.061433  1.689254   1.750688   0.061433   0.000000  0.000000  0.000000 
  0.45    BLOCK  0.128611   0.131844   0.003234  0.128765   0.131956   0.003191   0.000308  0.000223  -0.000085
  0.45    MAG    0.217100   0.206227   -0.010872 0.009150   0.009826   0.000676   0.000154  0.000111  -0.000043

  0.6     FULL   1.077757   1.224684   0.146927  1.077920   1.224865   0.146946   0.000325  0.000362  0.000037 
  0.6     CENTRE 1.077594   1.224503   0.146909  1.077594   1.224503   0.146909   0.000000  0.000000  0.000000 
  0.6     BLOCK  0.182463   0.224659   0.042196  0.182626   0.224840   0.042214   0.000325  0.000362  0.000037 
  0.6     MAG    0.541315   0.521137   -0.020178 0.008229   0.011142   0.002913   0.000163  0.000181  0.000018 

  0.8     FULL   0.491388   0.589748   0.098360  0.491404   0.589793   0.098389   0.000032  0.000090  0.000058 
  0.8     CENTRE 0.491372   0.589703   0.098331  0.491372   0.589703   0.098331   -0.000000 0.000000  0.000000 
  0.8     BLOCK  0.110795   0.172094   0.061299  0.110811   0.172139   0.061328   0.000032  0.000090  0.000058 
  0.8     MAG    0.819329   0.813487   -0.005842 0.002112   0.003196   0.001084   0.000016  0.000045  0.000029 

  1       FULL   0.245303   0.297612   0.052309  0.245304   0.297618   0.052313   0.000002  0.000012  0.000010 
  1       CENTRE 0.245302   0.297605   0.052304  0.245302   0.297605   0.052304   0.000000  0.000000  0.000000 
  1       BLOCK  0.057602   0.100407   0.042805  0.057604   0.100413   0.042810   0.000002  0.000012  0.000010 
  1       MAG    0.922135   0.920924   -0.001210 0.000478   0.000681   0.000203   0.000001  0.000006  0.000005 

  1.3     FULL   0.103979   0.127396   0.023418  0.103979   0.127397   0.023418   0.000000  0.000001  0.000001 
  1.3     CENTRE 0.103979   0.127396   0.023417  0.103979   0.127396   0.023417   -0.000000 -0.000000 -0.000000
  1.3     BLOCK  0.024341   0.046157   0.021817  0.024341   0.046158   0.021817   0.000000  0.000001  0.000001 
  1.3     MAG    0.972197   0.972036   -0.000161 0.000068   0.000090   0.000022   0.000000  0.000000  0.000000 

  1.7     FULL   0.041931   0.051716   0.009785  0.041931   0.051716   0.009785   0.000000  0.000000  0.000000 
  1.7     CENTRE 0.041931   0.051716   0.009785  0.041931   0.051716   0.009785   -0.000000 -0.000000 0.000000 
  1.7     BLOCK  0.009671   0.019219   0.009548  0.009671   0.019219   0.009548   0.000000  0.000000  0.000000 
  1.7     MAG    0.990433   0.990414   -0.000019 0.000008   0.000011   0.000002   0.000000  0.000000  0.000000 

  2.2     FULL   0.017146   0.021218   0.004072  0.017146   0.021218   0.004072   0.000000  0.000000  0.000000 
  2.2     CENTRE 0.017146   0.021218   0.004072  0.017146   0.021218   0.004072   0.000000  0.000000  0.000000 
  2.2     BLOCK  0.003897   0.007933   0.004036  0.003897   0.007933   0.004036   0.000000  0.000000  0.000000 
  2.2     MAG    0.996582   0.996580   -0.000003 0.000001   0.000001   0.000000   0.000000  0.000000  0.000000 

  3       FULL   0.005724   0.007099   0.001374  0.005724   0.007099   0.001374   0.000000  0.000000  0.000000 
  3       CENTRE 0.005724   0.007099   0.001374  0.005724   0.007099   0.001374   -0.000000 0.000000  0.000000 
  3       BLOCK  0.001281   0.002652   0.001371  0.001281   0.002652   0.001371   0.000000  0.000000  0.000000 
  3       MAG    0.999011   0.999011   -0.000000 0.000000   0.000000   0.000000   0.000000  0.000000  0.000000 

  5       FULL   0.000906   0.001125   0.000219  0.000906   0.001125   0.000219   0.000000  0.000000  0.000000 
  5       CENTRE 0.000906   0.001125   0.000219  0.000906   0.001125   0.000219   0.000000  -0.000000 -0.000000
  5       BLOCK  0.000199   0.000418   0.000219  0.000199   0.000418   0.000219   0.000000  0.000000  0.000000 
  5       MAG    0.999872   0.999872   -0.000000 0.000000   0.000000   0.000000   0.000000  0.000000  0.000000 

--------------------------------------------------------------------------------------------------------
R3 GAMMA :  vacuum  vs  eta{0,1}      flux(Sigma) = +1  vs  +1   -> IDENTICAL: True
  g2      chan   H(A_S)_a   H(A_S)_b   dH        I:ENV_a    I:ENV_b    dI:ENV     DS_a      DS_b      dDS
  0.05    FULL   1.999976   1.999976   0.000000  1.999976   1.999976   0.000000   0.000000  0.000000  -0.000000
  0.05    CENTRE 1.999976   1.999976   0.000000  1.999976   1.999976   0.000000   0.000000  0.000000  0.000000 
  0.05    BLOCK  0.000040   0.000040   -0.000000 0.000040   0.000040   -0.000000  0.000000  0.000000  -0.000000
  0.05    MAG    0.000048   0.000047   -0.000001 0.000002   0.000002   -0.000000  0.000000  0.000000  -0.000000

  0.1     FULL   1.999605   1.999611   0.000007  1.999605   1.999611   0.000007   0.000000  0.000000  -0.000000
  0.1     CENTRE 1.999605   1.999611   0.000007  1.999605   1.999611   0.000007   0.000000  0.000000  0.000000 
  0.1     BLOCK  0.000528   0.000512   -0.000016 0.000528   0.000512   -0.000016  0.000000  0.000000  -0.000000
  0.1     MAG    0.000630   0.000596   -0.000034 0.000029   0.000028   -0.000001  0.000000  0.000000  -0.000000

  0.2     FULL   1.992819   1.993285   0.000466  1.992820   1.993285   0.000465   0.000001  0.000001  -0.000000
  0.2     CENTRE 1.992819   1.993284   0.000466  1.992819   1.993284   0.000466   0.000000  -0.000000 -0.000000
  0.2     BLOCK  0.006945   0.006143   -0.000803 0.006946   0.006143   -0.000803  0.000001  0.000001  -0.000000
  0.2     MAG    0.008510   0.006842   -0.001668 0.000475   0.000426   -0.000049  0.000001  0.000001  -0.000000

  0.3     FULL   1.955477   1.961647   0.006170  1.955490   1.961658   0.006168   0.000025  0.000021  -0.000004
  0.3     CENTRE 1.955465   1.961636   0.006171  1.955465   1.961636   0.006171   -0.000000 0.000000  0.000000 
  0.3     BLOCK  0.031918   0.024425   -0.007493 0.031930   0.024436   -0.007494  0.000025  0.000021  -0.000004
  0.3     MAG    0.041752   0.025650   -0.016102 0.002442   0.001964   -0.000478  0.000012  0.000011  -0.000002

  0.45    FULL   1.689408   1.765943   0.076535  1.689562   1.766077   0.076515   0.000308  0.000268  -0.000040
  0.45    CENTRE 1.689254   1.765810   0.076555  1.689254   1.765810   0.076555   0.000000  -0.000000 -0.000000
  0.45    BLOCK  0.128611   0.079565   -0.049046 0.128765   0.079698   -0.049066  0.000308  0.000268  -0.000040
  0.45    MAG    0.217100   0.079872   -0.137228 0.009150   0.007046   -0.002104  0.000154  0.000134  -0.000020

  0.6     FULL   1.077757   1.294664   0.216907  1.077920   1.294907   0.216987   0.000325  0.000486  0.000161 
  0.6     CENTRE 1.077594   1.294420   0.216826  1.077594   1.294420   0.216826   0.000000  -0.000000 -0.000000
  0.6     BLOCK  0.182463   0.124458   -0.058005 0.182626   0.124701   -0.057925  0.000325  0.000486  0.000161 
  0.6     MAG    0.541315   0.159897   -0.381418 0.008229   0.010750   0.002521   0.000163  0.000243  0.000080 

  0.8     FULL   0.491388   0.683252   0.191864  0.491404   0.683318   0.191914   0.000032  0.000132  0.000100 
  0.8     CENTRE 0.491372   0.683186   0.191814  0.491372   0.683186   0.191814   -0.000000 -0.000000 -0.000000
  0.8     BLOCK  0.110795   0.118257   0.007462  0.110811   0.118323   0.007512   0.000032  0.000132  0.000100 
  0.8     MAG    0.819329   0.346665   -0.472665 0.002112   0.009405   0.007292   0.000016  0.000066  0.000050 

  1       FULL   0.245303   0.348876   0.103573  0.245304   0.348885   0.103581   0.000002  0.000018  0.000016 
  1       CENTRE 0.245302   0.348867   0.103565  0.245302   0.348867   0.103565   0.000000  0.000000  0.000000 
  1       BLOCK  0.057602   0.084390   0.026788  0.057604   0.084399   0.026796   0.000002  0.000018  0.000016 
  1       MAG    0.922135   0.569277   -0.352858 0.000478   0.005258   0.004780   0.000001  0.000009  0.000008 

  1.3     FULL   0.103979   0.141207   0.037228  0.103979   0.141207   0.037229   0.000000  0.000001  0.000001 
  1.3     CENTRE 0.103979   0.141206   0.037228  0.103979   0.141206   0.037228   -0.000000 0.000000  0.000000 
  1.3     BLOCK  0.024341   0.043662   0.019321  0.024341   0.043662   0.019322   0.000000  0.000001  0.000001 
  1.3     MAG    0.972197   0.795020   -0.177177 0.000068   0.001447   0.001379   0.000000  0.000001  0.000001 

  1.7     FULL   0.041931   0.054194   0.012263  0.041931   0.054194   0.012263   0.000000  0.000000  0.000000 
  1.7     CENTRE 0.041931   0.054194   0.012263  0.041931   0.054194   0.012263   -0.000000 0.000000  0.000000 
  1.7     BLOCK  0.009671   0.018898   0.009227  0.009671   0.018898   0.009227   0.000000  0.000000  0.000000 
  1.7     MAG    0.990433   0.919943   -0.070490 0.000008   0.000243   0.000235   0.000000  0.000000  0.000000 

  2.2     FULL   0.017146   0.021620   0.004474  0.017146   0.021620   0.004474   0.000000  0.000000  0.000000 
  2.2     CENTRE 0.017146   0.021620   0.004474  0.017146   0.021620   0.004474   0.000000  -0.000000 -0.000000
  2.2     BLOCK  0.003897   0.007888   0.003992  0.003897   0.007888   0.003992   0.000000  0.000000  0.000000 
  2.2     MAG    0.996582   0.970047   -0.026536 0.000001   0.000035   0.000034   0.000000  0.000000  0.000000 

  3       FULL   0.005724   0.007140   0.001415  0.005724   0.007140   0.001415   0.000000  0.000000  0.000000 
  3       CENTRE 0.005724   0.007140   0.001415  0.005724   0.007140   0.001415   -0.000000 0.000000  0.000000 
  3       BLOCK  0.001281   0.002648   0.001366  0.001281   0.002648   0.001366   0.000000  0.000000  0.000000 
  3       MAG    0.999011   0.991166   -0.007845 0.000000   0.000003   0.000003   0.000000  0.000000  0.000000 

  5       FULL   0.000906   0.001126   0.000220  0.000906   0.001126   0.000220   0.000000  0.000000  0.000000 
  5       CENTRE 0.000906   0.001126   0.000220  0.000906   0.001126   0.000220   0.000000  0.000000  0.000000 
  5       BLOCK  0.000199   0.000418   0.000219  0.000199   0.000418   0.000219   0.000000  0.000000  0.000000 
  5       MAG    0.999872   0.998847   -0.001025 0.000000   0.000000   0.000000   0.000000  0.000000  0.000000 


========================================================================================================
ARM 3 -- MAXIMUM FORMATION DIFFERENCE PER CHANNEL, OVER THE WHOLE GRID.  THE HEADLINE NUMBERS.
========================================================================================================
  pair       chan   max|dH(A_S)|  max|dI:ENV|  max|dI:F3|   max|dDelta_surf|   both-live-at-g2
  R1 ALPHA   FULL   0.18359712    0.18429393   0.06170292   0.00535627         13/13
  R1 ALPHA   CENTRE 0.18290032    0.18290032   0.06037556   0.00000000         13/13
  R1 ALPHA   BLOCK  0.09049402    0.08833633   0.04175083   0.00535627         9/13
  R1 ALPHA   MAG    0.05390168    0.05071204   0.00596507   0.00267814         9/13
  R2 BETA    FULL   0.14692741    0.14694588   0.00174438   0.00008519         9/13
  R2 BETA    CENTRE 0.14690893    0.14690893   0.00171161   0.00000000         9/13
  R2 BETA    BLOCK  0.06129904    0.06132819   0.00025872   0.00008519         3/13
  R2 BETA    MAG    0.02017818    0.00291292   0.00001882   0.00004259         9/13
  R3 GAMMA   FULL   0.21690651    0.21698700   0.00285289   0.00016097         9/13
  R3 GAMMA   CENTRE 0.21682603    0.21682603   0.00280971   0.00000000         9/13
  R3 GAMMA   BLOCK  0.05800550    0.05792501   0.00026857   0.00016097         2/13
  R3 GAMMA   MAG    0.47266452    0.00729249   0.00007335   0.00008048         8/13

========================================================================================================
ARM R4 -- ADIABATIC vs QUENCH.  *** NOT IN THE PRE-REGISTRATION *** -- added because ARM 3 of
========================================================================================================
the commissioning text names it.  Parameters declared before the numbers: start = ground state of
H(g2=5.00) [deep electric], evolve under H(g2_final).  Report T = 10.0 and the average over 200
points T in [0,50].  Same sector (vacuum), same Sigma, same flux(+1), same partition, same algebra.
  g2_f    chan   H_gs       H_T=10     H_Tavg     dH(T=10)   DS_gs     DS_T=10   dDS(T=10)  DS_Tavg
  0.05    FULL   1.999976   1.774140   2.050430   -0.225836  0.000000  0.158425  0.158425   0.799238 
  0.05    CENTRE 1.999976   1.694928   1.650811   -0.305048  0.000000  0.000000  0.000000   -0.000000
  0.05    BLOCK  0.000040   0.847829   0.769594   0.847788   0.000000  0.158425  0.158425   0.799238 
  0.05    MAG    0.000048   0.999739   0.999778   0.999691   0.000000  0.079212  0.079212   0.399619 

  0.1     FULL   1.999605   2.250178   2.084752   0.250573   0.000000  0.852818  0.852817   0.836378 
  0.1     CENTRE 1.999605   1.823769   1.666563   -0.175836  0.000000  0.000000  0.000000   0.000000 
  0.1     BLOCK  0.000528   0.864868   0.773965   0.864339   0.000000  0.852818  0.852817   0.836378 
  0.1     MAG    0.000630   0.999413   0.999328   0.998783   0.000000  0.426409  0.426409   0.418189 

  0.2     FULL   1.992819   2.753068   2.116133   0.760249   0.000001  1.689980  1.689979   0.885676 
  0.2     CENTRE 1.992819   1.908078   1.673295   -0.084741  0.000000  0.000000  -0.000000  0.000000 
  0.2     BLOCK  0.006945   0.896071   0.777578   0.889126   0.000001  1.689980  1.689979   0.885676 
  0.2     MAG    0.008510   0.992757   0.994769   0.984246   0.000001  0.844990  0.844990   0.442838 

  0.3     FULL   1.955477   1.985983   2.131579   0.030505   0.000025  0.571562  0.571537   0.880699 
  0.3     CENTRE 1.955465   1.700202   1.691229   -0.255263  -0.000000 0.000000  0.000000   -0.000000
  0.3     BLOCK  0.031918   0.669058   0.769722   0.637140   0.000025  0.571562  0.571537   0.880699 
  0.3     MAG    0.041752   0.987644   0.977677   0.945891   0.000012  0.285781  0.285769   0.440350 

  0.45    FULL   1.689408   2.215464   2.181160   0.526056   0.000308  0.979651  0.979344   0.853569 
  0.45    CENTRE 1.689254   1.725639   1.754376   0.036384   0.000000  -0.000000 -0.000000  0.000000 
  0.45    BLOCK  0.128611   0.643407   0.728108   0.514796   0.000308  0.979651  0.979344   0.853569 
  0.45    MAG    0.217100   0.927046   0.888820   0.709946   0.000154  0.489826  0.489672   0.426784 

  0.6     FULL   1.077757   1.979157   1.857738   0.901400   0.000325  0.506399  0.506074   0.497006 
  0.6     CENTRE 1.077594   1.725958   1.609235   0.648363   0.000000  0.000000  0.000000   -0.000000
  0.6     BLOCK  0.182463   0.457526   0.540213   0.275063   0.000325  0.506399  0.506074   0.497006 
  0.6     MAG    0.541315   0.754039   0.731118   0.212724   0.000163  0.253200  0.253037   0.248503 

  0.8     FULL   0.491388   1.153028   0.957690   0.661641   0.000032  0.195061  0.195029   0.161514 
  0.8     CENTRE 0.491372   1.055498   0.876934   0.564126   -0.000000 0.000000  0.000000   0.000000 
  0.8     BLOCK  0.110795   0.346671   0.291429   0.235876   0.000032  0.195061  0.195029   0.161514 
  0.8     MAG    0.819329   0.746784   0.797771   -0.072545  0.000016  0.097530  0.097514   0.080757 

  1       FULL   0.245303   0.411712   0.444531   0.166409   0.000002  0.059562  0.059560   0.041639 
  1       CENTRE 0.245302   0.381931   0.423712   0.136630   0.000000  0.000000  0.000000   -0.000000
  1       BLOCK  0.057602   0.104805   0.141707   0.047202   0.000002  0.059562  0.059560   0.041639 
  1       MAG    0.922135   0.941852   0.899937   0.019717   0.000001  0.029781  0.029780   0.020820 

  1.3     FULL   0.103979   0.149100   0.179605   0.045121   0.000000  0.011681  0.011681   0.010395 
  1.3     CENTRE 0.103979   0.143259   0.174407   0.039281   -0.000000 0.000000  0.000000   -0.000000
  1.3     BLOCK  0.024341   0.030139   0.049819   0.005798   0.000000  0.011681  0.011681   0.010395 
  1.3     MAG    0.972197   0.983400   0.961834   0.011203   0.000000  0.005840  0.005840   0.005197 

  1.7     FULL   0.041931   0.031795   0.068734   -0.010135  0.000000  0.002268  0.002268   0.002067 
  1.7     CENTRE 0.041931   0.030661   0.067700   -0.011269  -0.000000 0.000000  0.000000   0.000000 
  1.7     BLOCK  0.009671   0.008731   0.015707   -0.000940  0.000000  0.002268  0.002268   0.002067 
  1.7     MAG    0.990433   0.998752   0.986849   0.008319   0.000000  0.001134  0.001134   0.001033 

  2.2     FULL   0.017146   0.007471   0.026181   -0.009675  0.000000  0.000112  0.000112   0.000379 
  2.2     CENTRE 0.017146   0.007414   0.025992   -0.009731  0.000000  0.000000  0.000000   -0.000000
  2.2     BLOCK  0.003897   0.004003   0.005382   0.000106   0.000000  0.000112  0.000112   0.000379 
  2.2     MAG    0.996582   0.999813   0.995507   0.003231   0.000000  0.000056  0.000056   0.000189 

  3       FULL   0.005724   0.010907   0.007654   0.005182   0.000000  0.000001  0.000001   0.000010 
  3       CENTRE 0.005724   0.010906   0.007649   0.005181   -0.000000 0.000000  0.000000   0.000000 
  3       BLOCK  0.001281   0.001533   0.001493   0.000251   0.000000  0.000001  0.000001   0.000010 
  3       MAG    0.999011   0.997922   0.998811   -0.001088  0.000000  0.000001  0.000001   0.000005 

  5       FULL   0.000906   0.000906   0.000906   -0.000000  0.000000  0.000000  0.000000   0.000000 
  5       CENTRE 0.000906   0.000906   0.000906   -0.000000  0.000000  0.000000  0.000000   0.000000 
  5       BLOCK  0.000199   0.000199   0.000199   -0.000000  0.000000  0.000000  0.000000   0.000000 
  5       MAG    0.999872   0.999872   0.999872   -0.000000  0.000000  0.000000  0.000000   0.000000 


========================================================================================================
ARM D1 / ARM 4 OF THE COMMISSION -- REMOVE THE DYNAMICS.
========================================================================================================
ground state  vs  Haar-random physical state  vs  product states.  Same sector, same partition,
same algebra.  ISOLATED VARIABLE: the existence of a state-selecting Hamiltonian.
PRODUCT STATES, declared: PROD-Z = |0>^{x12} projected into the vacuum sector (a single coset
basis vector); PROD-X = |+>^{x12} projected (the uniform superposition, = the g2 -> inf ground state).
  g2      chan   H(A_S)   I:F1     I:F2     I:F3     I:F4     I:SIGMA  I:ENV    Delta_surf  Rd  gate
  HAAR0   FULL   2.78402  1.97483  2.53961  0.25462  1.24511  1.97483  3.59322  1.61839     1   live
  HAAR0   CENTRE 1.97483  1.97483  1.17036  0.00548  0.99597  1.97483  1.97483  0.00000     1   live
  HAAR0   BLOCK  0.98924  0.18005  1.08390  0.05054  0.31237  0.18005  1.79844  1.61839     1   live
  HAAR0   MAG    0.98944  0.05194  0.36332  0.03373  0.05799  0.05194  0.86113  0.80920     0   live

  HAAR1   FULL   2.63854  1.98213  2.32018  0.24175  1.22453  1.98213  3.29495  1.31282     0   live
  HAAR1   CENTRE 1.98213  1.98213  1.19007  0.05904  1.04182  1.98213  1.98213  -0.00000    1   live
  HAAR1   BLOCK  0.93386  0.27745  0.88142  0.10254  0.20822  0.27745  1.59027  1.31282     1   live
  HAAR1   MAG    0.99914  0.16909  0.43812  0.04272  0.11208  0.16909  0.82550  0.65641     0   live

  HAAR2   FULL   2.72096  1.94383  2.55801  0.20578  1.18939  1.94383  3.49809  1.55426     1   live
  HAAR2   CENTRE 1.94383  1.94383  1.19707  0.01246  0.99607  1.94383  1.94383  0.00000     1   live
  HAAR2   BLOCK  0.97647  0.19934  0.95745  0.01447  0.20139  0.19934  1.75360  1.55426     1   live
  HAAR2   MAG    0.99871  0.10935  0.26078  0.01123  0.12001  0.10935  0.88647  0.77713     0   live

  HAAR3   FULL   2.61067  1.90963  2.50221  0.38512  1.31887  1.90963  3.31171  1.40208     1   live
  HAAR3   CENTRE 1.90963  1.90963  1.33910  0.14615  1.07990  1.90963  1.90963  0.00000     1   live
  HAAR3   BLOCK  0.98027  0.27922  1.01201  0.05914  0.18819  0.27922  1.68131  1.40208     1   live
  HAAR3   MAG    0.99388  0.07247  0.39698  0.00265  0.05498  0.07247  0.77351  0.70104     0   live

  PROD-Z  FULL   2.00000  2.00000  1.00000  0.00000  1.00000  2.00000  2.00000  0.00000     1   live
  PROD-Z  CENTRE 2.00000  2.00000  1.00000  0.00000  1.00000  2.00000  2.00000  0.00000     1   live
  PROD-Z  BLOCK  0.00000  0.00000  0.00000  0.00000  0.00000  0.00000  0.00000  0.00000     0   VACUOUS
  PROD-Z  MAG    0.00000  0.00000  0.00000  0.00000  0.00000  0.00000  0.00000  0.00000     0   VACUOUS

  PROD-X  FULL   0.00000  0.00000  -0.00000 0.00000  0.00000  0.00000  0.00000  0.00000     0   VACUOUS
  PROD-X  CENTRE 0.00000  0.00000  0.00000  0.00000  0.00000  0.00000  0.00000  -0.00000    0   VACUOUS
  PROD-X  BLOCK  0.00000  0.00000  -0.00000 0.00000  0.00000  0.00000  0.00000  0.00000     0   VACUOUS
  PROD-X  MAG    1.00000  0.00000  0.00000  0.00000  0.00000  0.00000  0.00000  0.00000     0   live


========================================================================================================
ARM D1 DIFF -- HAAR MEAN minus GROUND STATE AT EACH COUPLING.  THE STANDING RULE'S NUMBER.
========================================================================================================
STANDING RULE: a plateau a Haar state also produces is NOT reported as a result.
  g2      chan   H_gs      H_haar    dH        DS_gs     DS_haar   dDS       I:F3_gs   I:F3_haar dI:F3
  0.05    FULL   1.999976  2.688549  0.688573  0.000000  1.471888  1.471888  0.000001  0.271818  0.271817 
  0.05    CENTRE 1.999976  1.952605  -0.047371 0.000000  0.000000  0.000000  0.000001  0.055781  0.055780 
  0.05    BLOCK  0.000040  0.969959  0.969919  0.000000  1.471888  1.471888  0.000000  0.056670  0.056670 
  0.05    MAG    0.000048  0.995293  0.995245  0.000000  0.735944  0.735944  0.000000  0.022582  0.022582 

  0.1     FULL   1.999605  2.688549  0.688944  0.000000  1.471888  1.471888  0.000018  0.271818  0.271800 
  0.1     CENTRE 1.999605  1.952605  -0.047000 0.000000  0.000000  0.000000  0.000018  0.055781  0.055763 
  0.1     BLOCK  0.000528  0.969959  0.969430  0.000000  1.471888  1.471888  0.000000  0.056670  0.056670 
  0.1     MAG    0.000630  0.995293  0.994663  0.000000  0.735944  0.735944  0.000000  0.022582  0.022582 

  0.2     FULL   1.992819  2.688549  0.695729  0.000001  1.471888  1.471887  0.000303  0.271818  0.271515 
  0.2     CENTRE 1.992819  1.952605  -0.040214 0.000000  0.000000  -0.000000 0.000302  0.055781  0.055479 
  0.2     BLOCK  0.006945  0.969959  0.963014  0.000001  1.471888  1.471887  0.000002  0.056670  0.056668 
  0.2     MAG    0.008510  0.995293  0.986783  0.000001  0.735944  0.735944  0.000000  0.022582  0.022582 

  0.3     FULL   1.955477  2.688549  0.733071  0.000025  1.471888  1.471863  0.001541  0.271818  0.270277 
  0.3     CENTRE 1.955465  1.952605  -0.002860 -0.000000 0.000000  0.000000  0.001535  0.055781  0.054246 
  0.3     BLOCK  0.031918  0.969959  0.938041  0.000025  1.471888  1.471863  0.000050  0.056670  0.056619 
  0.3     MAG    0.041752  0.995293  0.953540  0.000012  0.735944  0.735932  0.000005  0.022582  0.022577 

  0.45    FULL   1.689408  2.688549  0.999140  0.000308  1.471888  1.471580  0.005347  0.271818  0.266471 
  0.45    CENTRE 1.689254  1.952605  0.263350  0.000000  0.000000  0.000000  0.005267  0.055781  0.050514 
  0.45    BLOCK  0.128611  0.969959  0.841348  0.000308  1.471888  1.471580  0.000771  0.056670  0.055899 
  0.45    MAG    0.217100  0.995293  0.778193  0.000154  0.735944  0.735790  0.000063  0.022582  0.022519 

  0.6     FULL   1.077757  2.688549  1.610792  0.000325  1.471888  1.471563  0.003435  0.271818  0.268383 
  0.6     CENTRE 1.077594  1.952605  0.875010  0.000000  0.000000  0.000000  0.003349  0.055781  0.052432 
  0.6     BLOCK  0.182463  0.969959  0.787495  0.000325  1.471888  1.471563  0.001160  0.056670  0.055510 
  0.6     MAG    0.541315  0.995293  0.453977  0.000163  0.735944  0.735782  0.000037  0.022582  0.022545 

  0.8     FULL   0.491388  2.688549  2.197161  0.000032  1.471888  1.471856  0.000435  0.271818  0.271383 
  0.8     CENTRE 0.491372  1.952605  1.461233  -0.000000 0.000000  0.000000  0.000427  0.055781  0.055355 
  0.8     BLOCK  0.110795  0.969959  0.859164  0.000032  1.471888  1.471856  0.000273  0.056670  0.056396 
  0.8     MAG    0.819329  0.995293  0.175963  0.000016  0.735944  0.735928  0.000001  0.022582  0.022581 

  1       FULL   0.245303  2.688549  2.443246  0.000002  1.471888  1.471886  0.000062  0.271818  0.271756 
  1       CENTRE 0.245302  1.952605  1.707303  0.000000  0.000000  0.000000  0.000062  0.055781  0.055720 
  1       BLOCK  0.057602  0.969959  0.912356  0.000002  1.471888  1.471886  0.000051  0.056670  0.056619 
  1       MAG    0.922135  0.995293  0.073158  0.000001  0.735944  0.735943  0.000000  0.022582  0.022582 

  1.3     FULL   0.103979  2.688549  2.584570  0.000000  1.471888  1.471888  0.000007  0.271818  0.271811 
  1.3     CENTRE 0.103979  1.952605  1.848626  -0.000000 0.000000  0.000000  0.000007  0.055781  0.055775 
  1.3     BLOCK  0.024341  0.969959  0.945618  0.000000  1.471888  1.471888  0.000006  0.056670  0.056664 
  1.3     MAG    0.972197  0.995293  0.023095  0.000000  0.735944  0.735944  0.000000  0.022582  0.022582 

  1.7     FULL   0.041931  2.688549  2.646618  0.000000  1.471888  1.471888  0.000001  0.271818  0.271817 
  1.7     CENTRE 0.041931  1.952605  1.910674  -0.000000 0.000000  0.000000  0.000001  0.055781  0.055781 
  1.7     BLOCK  0.009671  0.969959  0.960288  0.000000  1.471888  1.471888  0.000001  0.056670  0.056669 
  1.7     MAG    0.990433  0.995293  0.004860  0.000000  0.735944  0.735944  0.000000  0.022582  0.022582 

  2.2     FULL   0.017146  2.688549  2.671403  0.000000  1.471888  1.471888  0.000000  0.271818  0.271818 
  2.2     CENTRE 0.017146  1.952605  1.935459  0.000000  0.000000  0.000000  0.000000  0.055781  0.055781 
  2.2     BLOCK  0.003897  0.969959  0.966062  0.000000  1.471888  1.471888  0.000000  0.056670  0.056670 
  2.2     MAG    0.996582  0.995293  -0.001289 0.000000  0.735944  0.735944  0.000000  0.022582  0.022582 

  3       FULL   0.005724  2.688549  2.682824  0.000000  1.471888  1.471888  0.000000  0.271818  0.271818 
  3       CENTRE 0.005724  1.952605  1.946880  -0.000000 0.000000  0.000000  0.000000  0.055781  0.055781 
  3       BLOCK  0.001281  0.969959  0.968677  0.000000  1.471888  1.471888  0.000000  0.056670  0.056670 
  3       MAG    0.999011  0.995293  -0.003718 0.000000  0.735944  0.735944  -0.000000 0.022582  0.022582 

  5       FULL   0.000906  2.688549  2.687643  0.000000  1.471888  1.471888  0.000000  0.271818  0.271818 
  5       CENTRE 0.000906  1.952605  1.951699  0.000000  0.000000  0.000000  0.000000  0.055781  0.055781 
  5       BLOCK  0.000199  0.969959  0.969760  0.000000  1.471888  1.471888  0.000000  0.056670  0.056670 
  5       MAG    0.999872  0.995293  -0.004579 0.000000  0.735944  0.735944  -0.000000 0.022582  0.022582 


========================================================================================================
ARM P1 -- PARTITION.  secondary partition G1..G4 vs primary F1..F4.  ISOLATED: the partition.
========================================================================================================
D(G) recomputed: G1=2 G2=1 G3=0 G4=0
  g2      chan   H(A_S)   I:G1     I:G2     I:G3     I:G4     I:SIGMA  I:ENV    Delta_surf  Rd  gate
  0.05    FULL   1.99998  1.99998  0.99998  0.00001  0.00001  1.99998  1.99998  0.00000     1   live
  0.05    CENTRE 1.99998  1.99998  0.99998  0.00001  0.00001  1.99998  1.99998  0.00000     1   live
  0.05    BLOCK  0.00004  0.00004  0.00003  0.00000  0.00000  0.00004  0.00004  0.00000     1   VACUOUS
  0.05    MAG    0.00005  0.00000  0.00000  0.00000  0.00000  0.00000  0.00000  0.00000     0   VACUOUS

  0.1     FULL   1.99960  1.99960  0.99970  0.00011  0.00011  1.99960  1.99960  0.00000     1   live
  0.1     CENTRE 1.99960  1.99960  0.99970  0.00011  0.00011  1.99960  1.99960  0.00000     1   live
  0.1     BLOCK  0.00053  0.00053  0.00041  0.00000  0.00000  0.00053  0.00053  0.00000     1   VACUOUS
  0.1     MAG    0.00063  0.00003  0.00001  0.00000  0.00000  0.00003  0.00003  0.00000     0   VACUOUS

  0.2     FULL   1.99282  1.99282  0.99459  0.00194  0.00194  1.99282  1.99282  0.00000     1   live
  0.2     CENTRE 1.99282  1.99282  0.99459  0.00194  0.00194  1.99282  1.99282  0.00000     1   live
  0.2     BLOCK  0.00695  0.00694  0.00546  0.00002  0.00002  0.00694  0.00695  0.00000     1   VACUOUS
  0.2     MAG    0.00851  0.00047  0.00022  0.00000  0.00000  0.00047  0.00047  0.00000     0   VACUOUS

  0.3     FULL   1.95548  1.95546  0.96703  0.01092  0.01092  1.95546  1.95549  0.00002     1   live
  0.3     CENTRE 1.95546  1.95546  0.96703  0.01091  0.01091  1.95546  1.95546  -0.00000    1   live
  0.3     BLOCK  0.03192  0.03191  0.02565  0.00041  0.00041  0.03191  0.03193  0.00002     1   VACUOUS
  0.3     MAG    0.04175  0.00243  0.00115  0.00002  0.00002  0.00243  0.00244  0.00001     0   VACUOUS

  0.45    FULL   1.68941  1.68925  0.78200  0.05469  0.05469  1.68925  1.68956  0.00031     1   live
  0.45    CENTRE 1.68925  1.68925  0.78198  0.05454  0.05454  1.68925  1.68925  0.00000     1   live
  0.45    BLOCK  0.12861  0.12846  0.10831  0.00897  0.00897  0.12846  0.12876  0.00031     1   live
  0.45    MAG    0.21710  0.00900  0.00396  0.00031  0.00031  0.00900  0.00915  0.00015     0   live

  0.6     FULL   1.07776  1.07759  0.41197  0.08766  0.08766  1.07759  1.07792  0.00033     1   live
  0.6     CENTRE 1.07759  1.07759  0.41193  0.08749  0.08749  1.07759  1.07759  0.00000     1   live
  0.6     BLOCK  0.18246  0.18230  0.16110  0.03503  0.03503  0.18230  0.18263  0.00033     1   live
  0.6     MAG    0.54132  0.00807  0.00256  0.00037  0.00037  0.00807  0.00823  0.00016     0   live

  0.8     FULL   0.49139  0.49137  0.14509  0.06003  0.06003  0.49137  0.49140  0.00003     1   live
  0.8     CENTRE 0.49137  0.49137  0.14508  0.06001  0.06001  0.49137  0.49137  -0.00000    1   live
  0.8     BLOCK  0.11079  0.11078  0.10321  0.04208  0.04208  0.11078  0.11081  0.00003     2   live
  0.8     MAG    0.81933  0.00210  0.00035  0.00006  0.00006  0.00210  0.00211  0.00002     0   live

  1       FULL   0.24530  0.24530  0.06410  0.03421  0.03421  0.24530  0.24530  0.00000     1   live
  1       CENTRE 0.24530  0.24530  0.06409  0.03421  0.03421  0.24530  0.24530  0.00000     1   live
  1       BLOCK  0.05760  0.05760  0.05549  0.02934  0.02934  0.05760  0.05760  0.00000     2   VACUOUS
  1       MAG    0.92213  0.00048  0.00005  0.00001  0.00001  0.00048  0.00048  0.00000     0   live

  1.3     FULL   0.10398  0.10398  0.02525  0.01577  0.01577  0.10398  0.10398  0.00000     1   live
  1.3     CENTRE 0.10398  0.10398  0.02525  0.01577  0.01577  0.10398  0.10398  -0.00000    1   live
  1.3     BLOCK  0.02434  0.02434  0.02397  0.01493  0.01493  0.02434  0.02434  0.00000     2   VACUOUS
  1.3     MAG    0.97220  0.00007  0.00001  0.00000  0.00000  0.00007  0.00007  0.00000     0   live

  1.7     FULL   0.04193  0.04193  0.00979  0.00670  0.00670  0.04193  0.04193  0.00000     1   VACUOUS
  1.7     CENTRE 0.04193  0.04193  0.00979  0.00670  0.00670  0.04193  0.04193  -0.00000    1   VACUOUS
  1.7     BLOCK  0.00967  0.00967  0.00962  0.00657  0.00657  0.00967  0.00967  0.00000     2   VACUOUS
  1.7     MAG    0.99043  0.00001  0.00000  0.00000  0.00000  0.00001  0.00001  0.00000     0   live

  2.2     FULL   0.01715  0.01715  0.00391  0.00283  0.00283  0.01715  0.01715  0.00000     1   VACUOUS
  2.2     CENTRE 0.01715  0.01715  0.00391  0.00283  0.00283  0.01715  0.01715  0.00000     1   VACUOUS
  2.2     BLOCK  0.00390  0.00390  0.00389  0.00281  0.00281  0.00390  0.00390  0.00000     2   VACUOUS
  2.2     MAG    0.99658  0.00000  0.00000  0.00000  0.00000  0.00000  0.00000  0.00000     0   live

  3       FULL   0.00572  0.00572  0.00128  0.00097  0.00097  0.00572  0.00572  0.00000     1   VACUOUS
  3       CENTRE 0.00572  0.00572  0.00128  0.00097  0.00097  0.00572  0.00572  -0.00000    1   VACUOUS
  3       BLOCK  0.00128  0.00128  0.00128  0.00097  0.00097  0.00128  0.00128  0.00000     2   VACUOUS
  3       MAG    0.99901  0.00000  0.00000  0.00000  0.00000  0.00000  0.00000  0.00000     0   live

  5       FULL   0.00091  0.00091  0.00020  0.00016  0.00016  0.00091  0.00091  0.00000     1   VACUOUS
  5       CENTRE 0.00091  0.00091  0.00020  0.00016  0.00016  0.00091  0.00091  0.00000     1   VACUOUS
  5       BLOCK  0.00020  0.00020  0.00020  0.00016  0.00016  0.00020  0.00020  0.00000     2   VACUOUS
  5       MAG    0.99987  0.00000  0.00000  0.00000  0.00000  0.00000  0.00000  0.00000     0   live


========================================================================================================
ARM P1 DIFF -- R_delta AND Delta_surf UNDER THE TWO PARTITIONS.
========================================================================================================
  g2      chan   R_prim  R_seco  dR   DS_prim   DS_seco   dDS   (Delta_surf must be partition-INDEPENDENT)
  0.05    FULL   1       1       0    0.000000  0.000000  0.00e+00
  0.05    CENTRE 1       1       0    0.000000  0.000000  0.00e+00
  0.05    BLOCK  1       1       0    0.000000  0.000000  0.00e+00
  0.05    MAG    0       0       0    0.000000  0.000000  0.00e+00

  0.1     FULL   1       1       0    0.000000  0.000000  0.00e+00
  0.1     CENTRE 1       1       0    0.000000  0.000000  0.00e+00
  0.1     BLOCK  1       1       0    0.000000  0.000000  0.00e+00
  0.1     MAG    0       0       0    0.000000  0.000000  0.00e+00

  0.2     FULL   1       1       0    0.000001  0.000001  0.00e+00
  0.2     CENTRE 1       1       0    0.000000  0.000000  0.00e+00
  0.2     BLOCK  1       1       0    0.000001  0.000001  0.00e+00
  0.2     MAG    0       0       0    0.000001  0.000001  0.00e+00

  0.3     FULL   1       1       0    0.000025  0.000025  0.00e+00
  0.3     CENTRE 1       1       0    -0.000000 -0.000000 0.00e+00
  0.3     BLOCK  1       1       0    0.000025  0.000025  0.00e+00
  0.3     MAG    0       0       0    0.000012  0.000012  0.00e+00

  0.45    FULL   1       1       0    0.000308  0.000308  0.00e+00
  0.45    CENTRE 1       1       0    0.000000  0.000000  0.00e+00
  0.45    BLOCK  1       1       0    0.000308  0.000308  0.00e+00
  0.45    MAG    0       0       0    0.000154  0.000154  0.00e+00

  0.6     FULL   1       1       0    0.000325  0.000325  0.00e+00
  0.6     CENTRE 1       1       0    0.000000  0.000000  0.00e+00
  0.6     BLOCK  1       1       0    0.000325  0.000325  0.00e+00
  0.6     MAG    0       0       0    0.000163  0.000163  0.00e+00

  0.8     FULL   1       1       0    0.000032  0.000032  0.00e+00
  0.8     CENTRE 1       1       0    -0.000000 -0.000000 0.00e+00
  0.8     BLOCK  3       2       -1   0.000032  0.000032  0.00e+00
  0.8     MAG    0       0       0    0.000016  0.000016  0.00e+00

  1       FULL   1       1       0    0.000002  0.000002  0.00e+00
  1       CENTRE 1       1       0    0.000000  0.000000  0.00e+00
  1       BLOCK  3       2       -1   0.000002  0.000002  0.00e+00
  1       MAG    0       0       0    0.000001  0.000001  0.00e+00

  1.3     FULL   1       1       0    0.000000  0.000000  0.00e+00
  1.3     CENTRE 1       1       0    -0.000000 -0.000000 0.00e+00
  1.3     BLOCK  3       2       -1   0.000000  0.000000  0.00e+00
  1.3     MAG    0       0       0    0.000000  0.000000  0.00e+00

  1.7     FULL   1       1       0    0.000000  0.000000  0.00e+00
  1.7     CENTRE 1       1       0    -0.000000 -0.000000 0.00e+00
  1.7     BLOCK  3       2       -1   0.000000  0.000000  0.00e+00
  1.7     MAG    0       0       0    0.000000  0.000000  0.00e+00

  2.2     FULL   1       1       0    0.000000  0.000000  0.00e+00
  2.2     CENTRE 1       1       0    0.000000  0.000000  0.00e+00
  2.2     BLOCK  3       2       -1   0.000000  0.000000  0.00e+00
  2.2     MAG    0       0       0    0.000000  0.000000  0.00e+00

  3       FULL   1       1       0    0.000000  0.000000  0.00e+00
  3       CENTRE 1       1       0    -0.000000 -0.000000 0.00e+00
  3       BLOCK  3       2       -1   0.000000  0.000000  0.00e+00
  3       MAG    0       0       0    0.000000  0.000000  0.00e+00

  5       FULL   1       1       0    0.000000  0.000000  0.00e+00
  5       CENTRE 1       1       0    0.000000  0.000000  0.00e+00
  5       BLOCK  3       2       -1   0.000000  0.000000  0.00e+00
  5       MAG    0       0       0    0.000000  0.000000  0.00e+00

