======================================================================================================================================================
S11  FAR REACH -- exact invariants at the largest k this lane computed
======================================================================================================================================================
  carrier          n     k      ov_edge   ov_ncomp  ov_giant  ov_lapgap  cf1_max   cf2_max   prot_r   reach2   reach3   r*/n    
  --------------------------------------------------------------------------------------------------------------------------------------------
  [[40,38,2]]      40    38     1.0000    1         1.0000    38.0000    0         2         2        2        4        0.9750  
     (t=1s)
  [[64,62,2]]      64    62     1.0000    1         1.0000    62.0000    0         2         2        2        4        0.9844  
     (t=9s)
  [[96,94,2]]      96    94     1.0000    1         1.0000    94.0000    0         2         2        2        4        0.9896  
     (t=48s)
  [[128,126,2]]    128   126    1.0000    1         1.0000    126.0000   0         2         2        2        4        0.9922  
     (t=169s)
  [[4,2,2]]^20     80    40     0.0256    20        0.0500    0.0000     0         2         2        2        4        0.9750  
     (t=185s)
  [[4,2,2]]^32     128   64     0.0159    32        0.0312    0.0000     0         2         2        2        4        0.9844  
     (t=284s)
