======================================================================================================================================================
S5  TIME-AVERAGED HOLEVO chi vs NUMBER OF RECORDS
======================================================================================================================================================

PART 1  VALIDATION OF THE ANALYTIC SOLVER AGAINST RecordModel.evolve + Environment.holevo
  full Hilbert space, records verified in S1, 25 times averaged in [1,13].  If any row's
  |analytic - model| is not ~1e-12 the sweep below is NOT reported.
  carrier        k    nq   layout    lam    chi_model      chi_analytic   |diff|      
  ------------------------------------------------------------------------------------------------
  [[4,2,2]]      2    3    crowded   0.80   0.1364086890   0.1364086890   7.49e-16    
     t=0s
  [[4,2,2]]      2    3    spread    0.80   0.5215273008   0.5215273008   4.44e-16    
     t=0s
  [[6,4,2]]      4    3    crowded   0.80   0.0451625750   0.0451625750   1.05e-15    
     t=1s
  [[6,4,2]]      4    3    spread    0.80   0.1364086890   0.1364086890   8.05e-16    
     t=1s
  [[8,6,2]]      6    3    crowded   0.80   0.0243070432   0.0243070432   7.08e-16    
     t=42s
  worst |analytic - model| = 1.048e-15  ->  VALIDATED
  NEGATIVE CONTROL: coupling = identity (opens no channel) -> chi = 0.000e+00   [must be 0]
  POSITIVE CONTROL: coupling = R_1                        -> chi = 0.789366   [must be > 0]

PART 2  chi vs k, EXACT, at three venue scales (D-17) and with the SPREAD control
  in the same table (D-16: suppression is measured against SPREAD, never against ALONE).
  CROWDED = all k records on ONE bath site.  SPREAD = one record per site (q=1).
  PAIRED  = family B's structure: 2 records per site, whatever k is.

  lam    e     beta   k    chi_CROWDED   chi_SPREAD    chi_PAIRED    crowded/spread chi_register 
  --------------------------------------------------------------------------------------------------------
  0.40   1.00  2.00   1    0.27663516    0.27663516    0.12562548    1.00000000    0.27663516   
  0.40   1.00  2.00   2    0.12562548    0.27663516    0.12562548    0.45411972    0.34426713   
  0.40   1.00  2.00   3    0.06640905    0.27663516    0.12562548    0.24006003    0.43994929   
  0.40   1.00  2.00   4    0.04608474    0.27663516    0.12562548    0.16659033    0.46677071   
  0.40   1.00  2.00   5    0.03437674    0.27663516    0.12562548    0.12426744    0.51868776   
  0.40   1.00  2.00   6    0.02697045    0.27663516    0.12562548    0.09749467    0.53260590   
  0.40   1.00  2.00   7    0.02199560    0.27663516    0.12562548    0.07951121    0.56818724   
  0.40   1.00  2.00   8    0.01839133    0.27663516    0.12562548    0.06648224    0.57622049   
  0.40   1.00  2.00   9    0.01569102    0.27663516    0.12562548    0.05672100    0.60280915   
  0.40   1.00  2.00   10   0.01361544    0.27663516    0.12562548    0.04921806    0.60784872   
  0.40   1.00  2.00   11   0.01197041    0.27663516    0.12562548    0.04327149    0.62875985   
  0.40   1.00  2.00   12   0.01061992    0.27663516    0.12562548    0.03838963    0.63207455   
  0.40   1.00  2.00   13   0.00955091    0.27663516    0.12562548    0.03452531    0.64915336   
  0.40   1.00  2.00   14   0.00858897    0.27663516    0.12562548    0.03104799    0.65136195   
  0.40   1.00  2.00   15   0.00786498    0.27663516    0.12562548    0.02843089    0.66574111   
  0.40   1.00  2.00   16   0.00713382    0.27663516    0.12562548    0.02578782    0.66717925   
  0.40   1.00  2.00   17   0.00662883    0.27663516    0.12562548    0.02396237    0.67959132   
  0.40   1.00  2.00   18   0.00604727    0.27663516    0.12562548    0.02186010    0.68046001   
  0.40   1.00  2.00   19   0.00568688    0.27663516    0.12562548    0.02055735    0.69139530   
  0.40   1.00  2.00   20   0.00520954    0.27663516    0.12562548    0.01883181    0.69182545   
  0.40   1.00  2.00   21   0.00494745    0.27663516    0.12562548    0.01788438    0.70162127   
  0.40   1.00  2.00   22   0.00454697    0.27663516    0.12562548    0.01643672    0.70170400   
  0.40   1.00  2.00   23   0.00435325    0.27663516    0.12562548    0.01573642    0.71059831   
  0.40   1.00  2.00   24   0.00401201    0.27663516    0.12562548    0.01450288    0.71040026   
  0.40   1.00  2.00   28   0.00320675    0.27663516    0.12562548    0.01159198    0.72507952   
  0.40   1.00  2.00   32   0.00263567    0.27663516    0.12562548    0.00952762    0.73706574   
  0.40   1.00  2.00   40   0.00189502    0.27663516    0.12562548    0.00685026    0.75560314   
  0.40   1.00  2.00   48   0.00144882    0.27663516    0.12562548    0.00523730    0.76933825   
  0.40   1.00  2.00   64   0.00095664    0.27663516    0.12562548    0.00345812    0.78831246   
  0.40   1.00  0.50   1    0.04248416    0.04248416    0.02254272    1.00000000    0.04248416   
  0.40   1.00  0.50   2    0.02254272    0.04248416    0.02254272    0.53061473    0.05504492   
  0.40   1.00  0.50   3    0.01277658    0.04248416    0.02254272    0.30073748    0.07138455   
  0.40   1.00  0.50   4    0.00911761    0.04248416    0.02254272    0.21461203    0.07678328   
  0.40   1.00  0.50   5    0.00695120    0.04248416    0.02254272    0.16361861    0.08623791   
  0.40   1.00  0.50   6    0.00550309    0.04248416    0.02254272    0.12953274    0.08938213   
  0.40   1.00  0.50   7    0.00455269    0.04248416    0.02254272    0.10716206    0.09587043   
  0.40   1.00  0.50   8    0.00382194    0.04248416    0.02254272    0.08996162    0.09789204   
  0.40   1.00  0.50   9    0.00329431    0.04248416    0.02254272    0.07754213    0.10277674   
  0.40   1.00  0.50   10   0.00286547    0.04248416    0.02254272    0.06744790    0.10413647   
  0.40   1.00  0.50   11   0.00253687    0.04248416    0.02254272    0.05971334    0.10804614   
  0.40   1.00  0.50   12   0.00225615    0.04248416    0.02254272    0.05310562    0.10897172   
  0.40   1.00  0.50   13   0.00203730    0.04248416    0.02254272    0.04795442    0.11224131   
  0.40   1.00  0.50   14   0.00183797    0.04248416    0.02254272    0.04326246    0.11286176   
  0.40   1.00  0.50   15   0.00168559    0.04248416    0.02254272    0.03967577    0.11568704   
  0.40   1.00  0.50   16   0.00153532    0.04248416    0.02254272    0.03613864    0.11608286   
  0.40   1.00  0.50   17   0.00142574    0.04248416    0.02254272    0.03355942    0.11858563   
  0.40   1.00  0.50   18   0.00130741    0.04248416    0.02254272    0.03077411    0.11881064   
  0.40   1.00  0.50   19   0.00122662    0.04248416    0.02254272    0.02887237    0.12107024   
  0.40   1.00  0.50   20   0.00113044    0.04248416    0.02254272    0.02660853    0.12116235   
  0.40   1.00  0.50   21   0.00106964    0.04248416    0.02254272    0.02517745    0.12323239   
  0.40   1.00  0.50   22   0.00098964    0.04248416    0.02254272    0.02329437    0.12321933   
  0.40   1.00  0.50   23   0.00094310    0.04248416    0.02254272    0.02219882    0.12513721   
  0.40   1.00  0.50   24   0.00087540    0.04248416    0.02254272    0.02060535    0.12503987   
  0.40   1.00  0.50   28   0.00070249    0.04248416    0.02254272    0.01653539    0.12813285   
  0.40   1.00  0.50   32   0.00057919    0.04248416    0.02254272    0.01363313    0.13067611   
  0.40   1.00  0.50   40   0.00041848    0.04248416    0.02254272    0.00985020    0.13463960   
  0.40   1.00  0.50   48   0.00032119    0.04248416    0.02254272    0.00756028    0.13760017   
  0.40   1.00  0.50   64   0.00021331    0.04248416    0.02254272    0.00502096    0.14172576   
  0.40   0.50  2.00   1    0.29492513    0.29492513    0.07902629    1.00000000    0.29492513   
  0.40   0.50  2.00   2    0.07902629    0.29492513    0.07902629    0.26795375    0.26841048   
  0.40   0.50  2.00   3    0.04236996    0.29492513    0.07902629    0.14366344    0.35425178   
  0.40   0.50  2.00   4    0.02607020    0.29492513    0.07902629    0.08839600    0.32649097   
  0.40   0.50  2.00   5    0.01916896    0.29492513    0.07902629    0.06499604    0.37716783   
  0.40   0.50  2.00   6    0.01389080    0.29492513    0.07902629    0.04709942    0.35344646   
  0.40   0.50  2.00   7    0.01140719    0.29492513    0.07902629    0.03867826    0.39025988   
  0.40   0.50  2.00   8    0.00893948    0.29492513    0.07902629    0.03031103    0.36983936   
  0.40   0.50  2.00   9    0.00775800    0.29492513    0.07902629    0.02630497    0.39902496   
  0.40   0.50  2.00   10   0.00639139    0.29492513    0.07902629    0.02167123    0.38127710   
  0.40   0.50  2.00   11   0.00572649    0.29492513    0.07902629    0.01941675    0.40550927   
  0.40   0.50  2.00   12   0.00488614    0.29492513    0.07902629    0.01656738    0.38991517   
  0.40   0.50  2.00   13   0.00446643    0.29492513    0.07902629    0.01514428    0.41063862   
  0.40   0.50  2.00   14   0.00390809    0.29492513    0.07902629    0.01325112    0.39677286   
  0.40   0.50  2.00   15   0.00362085    0.29492513    0.07902629    0.01227718    0.41487820   
  0.40   0.50  2.00   16   0.00322662    0.29492513    0.07902629    0.01094048    0.40240525   
  0.40   0.50  2.00   17   0.00301839    0.29492513    0.07902629    0.01023444    0.41848343   
  0.40   0.50  2.00   18   0.00272640    0.29492513    0.07902629    0.00924438    0.40714535   
  0.40   0.50  2.00   19   0.00256894    0.29492513    0.07902629    0.00871050    0.42160677   
  0.40   0.50  2.00   20   0.00234453    0.29492513    0.07902629    0.00794958    0.41120716   
  0.40   0.50  2.00   21   0.00222153    0.29492513    0.07902629    0.00753253    0.42434664   
  0.40   0.50  2.00   22   0.00204416    0.29492513    0.07902629    0.00693111    0.41473573   
  0.40   0.50  2.00   23   0.00194549    0.29492513    0.07902629    0.00659656    0.42677111   
  0.40   0.50  2.00   24   0.00180233    0.29492513    0.07902629    0.00611115    0.41783377   
  0.40   0.50  2.00   28   0.00143887    0.29492513    0.07902629    0.00487876    0.42302200   
  0.40   0.50  2.00   32   0.00118096    0.29492513    0.07902629    0.00400428    0.42718891   
  0.40   0.50  2.00   40   0.00084486    0.29492513    0.07902629    0.00286464    0.43342529   
  0.40   0.50  2.00   48   0.00064005    0.29492513    0.07902629    0.00217022    0.43781631   
  0.40   0.50  2.00   64   0.00041052    0.29492513    0.07902629    0.00139194    0.44349107   
  0.40   0.50  0.50   1    0.02657267    0.02657267    0.00748478    1.00000000    0.02657267   
  0.40   0.50  0.50   2    0.00748478    0.02657267    0.00748478    0.28167221    0.02405393   
  0.40   0.50  0.50   3    0.00415648    0.02657267    0.00748478    0.15641919    0.03216640   
  0.40   0.50  0.50   4    0.00256936    0.02657267    0.00748478    0.09669187    0.02941450   
  0.40   0.50  0.50   5    0.00191095    0.02657267    0.00748478    0.07191427    0.03431501   
  0.40   0.50  0.50   6    0.00138514    0.02657267    0.00748478    0.05212650    0.03195406   
  0.40   0.50  0.50   7    0.00114576    0.02657267    0.00748478    0.04311799    0.03554563   
  0.40   0.50  0.50   8    0.00089574    0.02657267    0.00748478    0.03370906    0.03350917   
  0.40   0.50  0.50   9    0.00078355    0.02657267    0.00748478    0.02948694    0.03637938   
  0.40   0.50  0.50   10   0.00064182    0.02657267    0.00748478    0.02415350    0.03459882   
  0.40   0.50  0.50   11   0.00058077    0.02657267    0.00748478    0.02185603    0.03700339   
  0.40   0.50  0.50   12   0.00049123    0.02657267    0.00748478    0.01848623    0.03542568   
  0.40   0.50  0.50   13   0.00045429    0.02657267    0.00748478    0.01709631    0.03750098   
  0.40   0.50  0.50   14   0.00039320    0.02657267    0.00748478    0.01479712    0.03608580   
  0.40   0.50  0.50   15   0.00036898    0.02657267    0.00748478    0.01388585    0.03791425   
  0.40   0.50  0.50   16   0.00032483    0.02657267    0.00748478    0.01222422    0.03663122   
  0.40   0.50  0.50   17   0.00030794    0.02657267    0.00748478    0.01158874    0.03826668   
  0.40   0.50  0.50   18   0.00027461    0.02657267    0.00748478    0.01033430    0.03709292   
  0.40   0.50  0.50   19   0.00026226    0.02657267    0.00748478    0.00986948    0.03857257   
  0.40   0.50  0.50   20   0.00023625    0.02657267    0.00748478    0.00889053    0.03749069   
  0.40   0.50  0.50   21   0.00022686    0.02657267    0.00748478    0.00853752    0.03884129   
  0.40   0.50  0.50   22   0.00020605    0.02657267    0.00748478    0.00775405    0.03783792   
  0.40   0.50  0.50   23   0.00019870    0.02657267    0.00748478    0.00747764    0.03907942   
  0.40   0.50  0.50   24   0.00018171    0.02657267    0.00748478    0.00683837    0.03814410   
  0.40   0.50  0.50   28   0.00014510    0.02657267    0.00748478    0.00546065    0.03865954   
  0.40   0.50  0.50   32   0.00011909    0.02657267    0.00748478    0.00448178    0.03907590   
  0.40   0.50  0.50   40   0.00008515    0.02657267    0.00748478    0.00320453    0.03970269   
  0.40   0.50  0.50   48   0.00006446    0.02657267    0.00748478    0.00242564    0.04014641   
  0.40   0.50  0.50   64   0.00004126    0.02657267    0.00748478    0.00155283    0.04072229   
  0.80   1.00  2.00   1    0.52152730    0.52152730    0.13640869    1.00000000    0.52152730   
  0.80   1.00  2.00   2    0.13640869    0.52152730    0.13640869    0.26155618    0.50207647   
  0.80   1.00  2.00   3    0.07178322    0.52152730    0.13640869    0.13764039    0.63778464   
  0.80   1.00  2.00   4    0.04516257    0.52152730    0.13640869    0.08659676    0.61016866   
  0.80   1.00  2.00   5    0.03353046    0.52152730    0.13640869    0.06429282    0.68794003   
  0.80   1.00  2.00   6    0.02430704    0.52152730    0.13640869    0.04660742    0.66179888   
  0.80   1.00  2.00   7    0.02022134    0.52152730    0.13640869    0.03877332    0.71780748   
  0.80   1.00  2.00   8    0.01562302    0.52152730    0.13640869    0.02995629    0.69467851   
  0.80   1.00  2.00   9    0.01375854    0.52152730    0.13640869    0.02638125    0.73772743   
  0.80   1.00  2.00   10   0.01109279    0.52152730    0.13640869    0.02126982    0.71803131   
  0.80   1.00  2.00   11   0.01014370    0.52152730    0.13640869    0.01944999    0.75186547   
  0.80   1.00  2.00   12   0.00842842    0.52152730    0.13640869    0.01616103    0.73549625   
  0.80   1.00  2.00   13   0.00792259    0.52152730    0.13640869    0.01519113    0.76233271   
  0.80   1.00  2.00   14   0.00672582    0.52152730    0.13640869    0.01289640    0.74896729   
  0.80   1.00  2.00   15   0.00645326    0.52152730    0.13640869    0.01237377    0.77033367   
  0.80   1.00  2.00   16   0.00556478    0.52152730    0.13640869    0.01067017    0.75959053   
  0.80   1.00  2.00   17   0.00542112    0.52152730    0.13640869    0.01039470    0.77660999   
  0.80   1.00  2.00   18   0.00473033    0.52152730    0.13640869    0.00907015    0.76811739   
  0.80   1.00  2.00   19   0.00465992    0.52152730    0.13640869    0.00893513    0.78164326   
  0.80   1.00  2.00   20   0.00410442    0.52152730    0.13640869    0.00787000    0.77506456   
  0.80   1.00  2.00   21   0.00407604    0.52152730    0.13640869    0.00781558    0.78575858   
  0.80   1.00  2.00   22   0.00361828    0.52152730    0.13640869    0.00693786    0.78079911   
  0.80   1.00  2.00   23   0.00361377    0.52152730    0.13640869    0.00692920    0.78918205   
  0.80   1.00  2.00   24   0.00322976    0.52152730    0.13640869    0.00619289    0.78558835   
  0.80   1.00  2.00   28   0.00264657    0.52152730    0.13640869    0.00507466    0.79307686   
  0.80   1.00  2.00   32   0.00222804    0.52152730    0.13640869    0.00427215    0.79861373   
  0.80   1.00  2.00   40   0.00166362    0.52152730    0.13640869    0.00318989    0.80618844   
  0.80   1.00  2.00   48   0.00129899    0.52152730    0.13640869    0.00249075    0.81115166   
  0.80   1.00  2.00   64   0.00085918    0.52152730    0.13640869    0.00164743    0.81755372   
  0.80   1.00  0.50   1    0.09016778    0.09016778    0.02657063    1.00000000    0.09016778   
  0.80   1.00  0.50   2    0.02657063    0.09016778    0.02657063    0.29467988    0.08598318   
  0.80   1.00  0.50   3    0.01473474    0.09016778    0.02657063    0.16341468    0.11191688   
  0.80   1.00  0.50   4    0.00942289    0.09016778    0.02657063    0.10450392    0.10566704   
  0.80   1.00  0.50   5    0.00712777    0.09016778    0.02657063    0.07905007    0.12135101   
  0.80   1.00  0.50   6    0.00518558    0.09016778    0.02657063    0.05751038    0.11581510   
  0.80   1.00  0.50   7    0.00436535    0.09016778    0.02657063    0.04841361    0.12717796   
  0.80   1.00  0.50   8    0.00337664    0.09016778    0.02657063    0.03744843    0.12244119   
  0.80   1.00  0.50   9    0.00299421    0.09016778    0.02657063    0.03320710    0.13118422   
  0.80   1.00  0.50   10   0.00241747    0.09016778    0.02657063    0.02681079    0.12720664   
  0.80   1.00  0.50   11   0.00221771    0.09016778    0.02657063    0.02459534    0.13409290   
  0.80   1.00  0.50   12   0.00184682    0.09016778    0.02657063    0.02048204    0.13080565   
  0.80   1.00  0.50   13   0.00173689    0.09016778    0.02657063    0.01926290    0.13628296   
  0.80   1.00  0.50   14   0.00147915    0.09016778    0.02657063    0.01640446    0.13360576   
  0.80   1.00  0.50   15   0.00141718    0.09016778    0.02657063    0.01571709    0.13797852   
  0.80   1.00  0.50   16   0.00122691    0.09016778    0.02657063    0.01360695    0.13583083   
  0.80   1.00  0.50   17   0.00119178    0.09016778    0.02657063    0.01321741    0.13932189   
  0.80   1.00  0.50   18   0.00104477    0.09016778    0.02657063    0.01158700    0.13762868   
  0.80   1.00  0.50   19   0.00102515    0.09016778    0.02657063    0.01136932    0.14040783   
  0.80   1.00  0.50   20   0.00090766    0.09016778    0.02657063    0.01006630    0.13910190   
  0.80   1.00  0.50   21   0.00089711    0.09016778    0.02657063    0.00994938    0.14130158   
  0.80   1.00  0.50   22   0.00080084    0.09016778    0.02657063    0.00888169    0.14032406   
  0.80   1.00  0.50   23   0.00079564    0.09016778    0.02657063    0.00882398    0.14204923   
  0.80   1.00  0.50   24   0.00071527    0.09016778    0.02657063    0.00793264    0.14134923   
  0.80   1.00  0.50   28   0.00058646    0.09016778    0.02657063    0.00650413    0.14296099   
  0.80   1.00  0.50   32   0.00049377    0.09016778    0.02657063    0.00547612    0.14416031   
  0.80   1.00  0.50   40   0.00036848    0.09016778    0.02657063    0.00408658    0.14581326   
  0.80   1.00  0.50   48   0.00028743    0.09016778    0.02657063    0.00318774    0.14690531   
  0.80   1.00  0.50   64   0.00018970    0.09016778    0.02657063    0.00210383    0.14832477   
  0.80   0.50  2.00   1    0.33099213    0.33099213    0.06461266    1.00000000    0.33099213   
  0.80   0.50  2.00   2    0.06461266    0.33099213    0.06461266    0.19520906    0.28987657   
  0.80   0.50  2.00   3    0.03852651    0.33099213    0.06461266    0.11639706    0.37785557   
  0.80   0.50  2.00   4    0.02144287    0.33099213    0.06461266    0.06478362    0.34571146   
  0.80   0.50  2.00   5    0.01743264    0.33099213    0.06461266    0.05266784    0.39689664   
  0.80   0.50  2.00   6    0.01202004    0.33099213    0.06461266    0.03631520    0.37286845   
  0.80   0.50  2.00   7    0.01035556    0.33099213    0.06461266    0.03128643    0.40856220   
  0.80   0.50  2.00   8    0.00787958    0.33099213    0.06461266    0.02380595    0.38955293   
  0.80   0.50  2.00   9    0.00703237    0.33099213    0.06461266    0.02124633    0.41581899   
  0.80   0.50  2.00   10   0.00565220    0.33099213    0.06461266    0.01707654    0.40068126   
  0.80   0.50  2.00   11   0.00517224    0.33099213    0.06461266    0.01562646    0.42049087   
  0.80   0.50  2.00   12   0.00430312    0.33099213    0.06461266    0.01300068    0.40846825   
  0.80   0.50  2.00   13   0.00400777    0.33099213    0.06461266    0.01210835    0.42363441   
  0.80   0.50  2.00   14   0.00341545    0.33099213    0.06461266    0.01031882    0.41412631   
  0.80   0.50  2.00   15   0.00322097    0.33099213    0.06461266    0.00973127    0.42585410   
  0.80   0.50  2.00   16   0.00279500    0.33099213    0.06461266    0.00844432    0.41837594   
  0.80   0.50  2.00   17   0.00265965    0.33099213    0.06461266    0.00803539    0.42750162   
  0.80   0.50  2.00   18   0.00234124    0.33099213    0.06461266    0.00707340    0.42166605   
  0.80   0.50  2.00   19   0.00224269    0.33099213    0.06461266    0.00677565    0.42878655   
  0.80   0.50  2.00   20   0.00199759    0.33099213    0.06461266    0.00603515    0.42428608   
  0.80   0.50  2.00   21   0.00192315    0.33099213    0.06461266    0.00581027    0.42983691   
  0.80   0.50  2.00   22   0.00173000    0.33099213    0.06461266    0.00522672    0.42642780   
  0.80   0.50  2.00   23   0.00167210    0.33099213    0.06461266    0.00505178    0.43073260   
  0.80   0.50  2.00   24   0.00151689    0.33099213    0.06461266    0.00458287    0.42822123   
  0.80   0.50  2.00   28   0.00120134    0.33099213    0.06461266    0.00362951    0.43109608   
  0.80   0.50  2.00   32   0.00098126    0.33099213    0.06461266    0.00296460    0.43335827   
  0.80   0.50  2.00   40   0.00069910    0.33099213    0.06461266    0.00211214    0.43687080   
  0.80   0.50  2.00   48   0.00052922    0.33099213    0.06461266    0.00159889    0.43963787   
  0.80   0.50  2.00   64   0.00033965    0.33099213    0.06461266    0.00102615    0.44398693   
  0.80   0.50  0.50   1    0.03003899    0.03003899    0.00614300    1.00000000    0.03003899   
  0.80   0.50  0.50   2    0.00614300    0.03003899    0.00614300    0.20450090    0.02620465   
  0.80   0.50  0.50   3    0.00381448    0.03003899    0.00614300    0.12698420    0.03434663   
  0.80   0.50  0.50   4    0.00210908    0.03003899    0.00614300    0.07021137    0.03131811   
  0.80   0.50  0.50   5    0.00173834    0.03003899    0.00614300    0.05786959    0.03613978   
  0.80   0.50  0.50   6    0.00119093    0.03003899    0.00614300    0.03964614    0.03387339   
  0.80   0.50  0.50   7    0.00103573    0.03003899    0.00614300    0.03447956    0.03726283   
  0.80   0.50  0.50   8    0.00078249    0.03003899    0.00614300    0.02604902    0.03547572   
  0.80   0.50  0.50   9    0.00070400    0.03003899    0.00614300    0.02343608    0.03797344   
  0.80   0.50  0.50   10   0.00056168    0.03003899    0.00614300    0.01869832    0.03655918   
  0.80   0.50  0.50   11   0.00051778    0.03003899    0.00614300    0.01723685    0.03843678   
  0.80   0.50  0.50   12   0.00042762    0.03003899    0.00614300    0.01423535    0.03732422   
  0.80   0.50  0.50   13   0.00040108    0.03003899    0.00614300    0.01335186    0.03875171   
  0.80   0.50  0.50   14   0.00033928    0.03003899    0.00614300    0.01129475    0.03788340   
  0.80   0.50  0.50   15   0.00032222    0.03003899    0.00614300    0.01072665    0.03897596   
  0.80   0.50  0.50   16   0.00027750    0.03003899    0.00614300    0.00923786    0.03830496   
  0.80   0.50  0.50   17   0.00026598    0.03003899    0.00614300    0.00885442    0.03914353   
  0.80   0.50  0.50   18   0.00023229    0.03003899    0.00614300    0.00773309    0.03863203   
  0.80   0.50  0.50   19   0.00022422    0.03003899    0.00614300    0.00746441    0.03927488   
  0.80   0.50  0.50   20   0.00019806    0.03003899    0.00614300    0.00659347    0.03889273   
  0.80   0.50  0.50   21   0.00019224    0.03003899    0.00614300    0.00639973    0.03938256   
  0.80   0.50  0.50   22   0.00017141    0.03003899    0.00614300    0.00570632    0.03910585   
  0.80   0.50  0.50   23   0.00016712    0.03003899    0.00614300    0.00556356    0.03947446   
  0.80   0.50  0.50   24   0.00015020    0.03003899    0.00614300    0.00500004    0.03928421   
  0.80   0.50  0.50   28   0.00011880    0.03003899    0.00614300    0.00395492    0.03956968   
  0.80   0.50  0.50   32   0.00009693    0.03003899    0.00614300    0.00322672    0.03979370   
  0.80   0.50  0.50   40   0.00006892    0.03003899    0.00614300    0.00229437    0.04014024   
  0.80   0.50  0.50   48   0.00005209    0.03003899    0.00614300    0.00173399    0.04041227   
  0.80   0.50  0.50   64   0.00003334    0.03003899    0.00614300    0.00110998    0.04083896   
  1.20   1.00  2.00   1    0.59956669    0.59956669    0.12753968    1.00000000    0.59956669   
  1.20   1.00  2.00   2    0.12753968    0.59956669    0.12753968    0.21271976    0.53939603   
  1.20   1.00  2.00   3    0.06985675    0.59956669    0.12753968    0.11651205    0.70313505   
  1.20   1.00  2.00   4    0.03941957    0.59956669    0.12753968    0.06574677    0.64729450   
  1.20   1.00  2.00   5    0.03041876    0.59956669    0.12753968    0.05073457    0.74341890   
  1.20   1.00  2.00   6    0.02061140    0.59956669    0.12753968    0.03437716    0.69547228   
  1.20   1.00  2.00   7    0.01784649    0.59956669    0.12753968    0.02976565    0.76600281   
  1.20   1.00  2.00   8    0.01310525    0.59956669    0.12753968    0.02185787    0.72338903   
  1.20   1.00  2.00   9    0.01201470    0.59956669    0.12753968    0.02003896    0.78080899   
  1.20   1.00  2.00   10   0.00923509    0.59956669    0.12753968    0.01540294    0.74179870   
  1.20   1.00  2.00   11   0.00875461    0.59956669    0.12753968    0.01460156    0.79139174   
  1.20   1.00  2.00   12   0.00693635    0.59956669    0.12753968    0.01156895    0.75498282   
  1.20   1.00  2.00   13   0.00671631    0.59956669    0.12753968    0.01120194    0.79938414   
  1.20   1.00  2.00   14   0.00544110    0.59956669    0.12753968    0.00907506    0.76498413   
  1.20   1.00  2.00   15   0.00534345    0.59956669    0.12753968    0.00891218    0.80565722   
  1.20   1.00  2.00   16   0.00440495    0.59956669    0.12753968    0.00734689    0.77289775   
  1.20   1.00  2.00   17   0.00436907    0.59956669    0.12753968    0.00728704    0.81072219   
  1.20   1.00  2.00   18   0.00365305    0.59956669    0.12753968    0.00609281    0.77936421   
  1.20   1.00  2.00   19   0.00365034    0.59956669    0.12753968    0.00608830    0.81490119   
  1.20   1.00  2.00   20   0.00308814    0.59956669    0.12753968    0.00515061    0.78478450   
  1.20   1.00  2.00   21   0.00310425    0.59956669    0.12753968    0.00517749    0.81840898   
  1.20   1.00  2.00   22   0.00265211    0.59956669    0.12753968    0.00442337    0.78942314   
  1.20   1.00  2.00   23   0.00267936    0.59956669    0.12753968    0.00446882    0.82139527   
  1.20   1.00  2.00   24   0.00230817    0.59956669    0.12753968    0.00384974    0.79346172   
  1.20   1.00  2.00   28   0.00180660    0.59956669    0.12753968    0.00301317    0.80021758   
  1.20   1.00  2.00   32   0.00146426    0.59956669    0.12753968    0.00244220    0.80571905   
  1.20   1.00  2.00   40   0.00103713    0.59956669    0.12753968    0.00172980    0.81430896   
  1.20   1.00  2.00   48   0.00078661    0.59956669    0.12753968    0.00131197    0.82081514   
  1.20   1.00  2.00   64   0.00051124    0.59956669    0.12753968    0.00085268    0.83009299   
  1.20   1.00  0.50   1    0.10746139    0.10746139    0.02510662    1.00000000    0.10746139   
  1.20   1.00  0.50   2    0.02510662    0.10746139    0.02510662    0.23363386    0.09362162   
  1.20   1.00  0.50   3    0.01500721    0.10746139    0.02510662    0.13965212    0.12492598   
  1.20   1.00  0.50   4    0.00822967    0.10746139    0.02510662    0.07658257    0.11350587   
  1.20   1.00  0.50   5    0.00667992    0.10746139    0.02510662    0.06216107    0.13263139   
  1.20   1.00  0.50   6    0.00439364    0.10746139    0.02510662    0.04088577    0.12289932   
  1.20   1.00  0.50   7    0.00394801    0.10746139    0.02510662    0.03673889    0.13722659   
  1.20   1.00  0.50   8    0.00282687    0.10746139    0.02510662    0.02630587    0.12847593   
  1.20   1.00  0.50   9    0.00266820    0.10746139    0.02510662    0.02482935    0.14032601   
  1.20   1.00  0.50   10   0.00200695    0.10746139    0.02510662    0.01867601    0.13220767   
  1.20   1.00  0.50   11   0.00194935    0.10746139    0.02510662    0.01813999    0.14257573   
  1.20   1.00  0.50   12   0.00151550    0.10746139    0.02510662    0.01410272    0.13490865   
  1.20   1.00  0.50   13   0.00149871    0.10746139    0.02510662    0.01394651    0.14429187   
  1.20   1.00  0.50   14   0.00119397    0.10746139    0.02510662    0.01111071    0.13697617   
  1.20   1.00  0.50   15   0.00119462    0.10746139    0.02510662    0.01111677    0.14564882   
  1.20   1.00  0.50   16   0.00097027    0.10746139    0.02510662    0.00902902    0.13862604   
  1.20   1.00  0.50   17   0.00097843    0.10746139    0.02510662    0.00910493    0.14675090   
  1.20   1.00  0.50   18   0.00080743    0.10746139    0.02510662    0.00751367    0.13998533   
  1.20   1.00  0.50   19   0.00081867    0.10746139    0.02510662    0.00761829    0.14766465   
  1.20   1.00  0.50   20   0.00068475    0.10746139    0.02510662    0.00637206    0.14113371   
  1.20   1.00  0.50   21   0.00069706    0.10746139    0.02510662    0.00648665    0.14843484   
  1.20   1.00  0.50   22   0.00058981    0.10746139    0.02510662    0.00548855    0.14212375   
  1.20   1.00  0.50   23   0.00060227    0.10746139    0.02510662    0.00560453    0.14909288   
  1.20   1.00  0.50   24   0.00051472    0.10746139    0.02510662    0.00478977    0.14299150   
  1.20   1.00  0.50   28   0.00040476    0.10746139    0.02510662    0.00376655    0.14445524   
  1.20   1.00  0.50   32   0.00032928    0.10746139    0.02510662    0.00306414    0.14565770   
  1.20   1.00  0.50   40   0.00023436    0.10746139    0.02510662    0.00218087    0.14755039   
  1.20   1.00  0.50   48   0.00017818    0.10746139    0.02510662    0.00165808    0.14899251   
  1.20   1.00  0.50   64   0.00011593    0.10746139    0.02510662    0.00107884    0.15105612   
  1.20   0.50  2.00   1    0.30134817    0.30134817    0.06479728    1.00000000    0.30134817   
  1.20   0.50  2.00   2    0.06479728    0.30134817    0.06479728    0.21502464    0.29385422   
  1.20   0.50  2.00   3    0.03479779    0.30134817    0.06479728    0.11547370    0.36708395   
  1.20   0.50  2.00   4    0.01998956    0.30134817    0.06479728    0.06633376    0.34474998   
  1.20   0.50  2.00   5    0.01447427    0.30134817    0.06479728    0.04803172    0.38865240   
  1.20   0.50  2.00   6    0.01025431    0.30134817    0.06479728    0.03402811    0.36854914   
  1.20   0.50  2.00   7    0.00822234    0.30134817    0.06479728    0.02728518    0.40022796   
  1.20   0.50  2.00   8    0.00642598    0.30134817    0.06479728    0.02132410    0.38288929   
  1.20   0.50  2.00   9    0.00544134    0.30134817    0.06479728    0.01805664    0.40787778   
  1.20   0.50  2.00   10   0.00450351    0.30134817    0.06479728    0.01494455    0.39274670   
  1.20   0.50  2.00   11   0.00394411    0.30134817    0.06479728    0.01308822    0.41355084   
  1.20   0.50  2.00   12   0.00339097    0.30134817    0.06479728    0.01125265    0.40010269   
  1.20   0.50  2.00   13   0.00303698    0.30134817    0.06479728    0.01007799    0.41805706   
  1.20   0.50  2.00   14   0.00268293    0.30134817    0.06479728    0.00890310    0.40590555   
  1.20   0.50  2.00   15   0.00244021    0.30134817    0.06479728    0.00809764    0.42179271   
  1.20   0.50  2.00   16   0.00220000    0.30134817    0.06479728    0.00730053    0.41066560   
  1.20   0.50  2.00   17   0.00202277    0.30134817    0.06479728    0.00671242    0.42497659   
  1.20   0.50  2.00   18   0.00185275    0.30134817    0.06479728    0.00614819    0.41468193   
  1.20   0.50  2.00   19   0.00171673    0.30134817    0.06479728    0.00569682    0.42774202   
  1.20   0.50  2.00   20   0.00159257    0.30134817    0.06479728    0.00528480    0.41814217   
  1.20   0.50  2.00   21   0.00148396    0.30134817    0.06479728    0.00492441    0.43017712   
  1.20   0.50  2.00   22   0.00139118    0.30134817    0.06479728    0.00461653    0.42117092   
  1.20   0.50  2.00   23   0.00130173    0.30134817    0.06479728    0.00431968    0.43234396   
  1.20   0.50  2.00   24   0.00123119    0.30134817    0.06479728    0.00408560    0.42385500   
  1.20   0.50  2.00   28   0.00099406    0.30134817    0.06479728    0.00329870    0.42842513   
  1.20   0.50  2.00   32   0.00082764    0.30134817    0.06479728    0.00274646    0.43219452   
  1.20   0.50  2.00   40   0.00061101    0.30134817    0.06479728    0.00202758    0.43809797   
  1.20   0.50  2.00   48   0.00047695    0.30134817    0.06479728    0.00158271    0.44254594   
  1.20   0.50  2.00   64   0.00032098    0.30134817    0.06479728    0.00106514    0.44885444   
  1.20   0.50  0.50   1    0.02709527    0.02709527    0.00613473    1.00000000    0.02709527   
  1.20   0.50  0.50   2    0.00613473    0.02709527    0.00613473    0.22641339    0.02654164   
  1.20   0.50  0.50   3    0.00346330    0.02709527    0.00613473    0.12781930    0.03341603   
  1.20   0.50  0.50   4    0.00193717    0.02709527    0.00613473    0.07149472    0.03128432   
  1.20   0.50  0.50   5    0.00144931    0.02709527    0.00613473    0.05348929    0.03546875   
  1.20   0.50  0.50   6    0.00099887    0.02709527    0.00613473    0.03686521    0.03353091   
  1.20   0.50  0.50   7    0.00082418    0.02709527    0.00613473    0.03041799    0.03656099   
  1.20   0.50  0.50   8    0.00062726    0.02709527    0.00613473    0.02315035    0.03489866   
  1.20   0.50  0.50   9    0.00054591    0.02709527    0.00613473    0.02014783    0.03728320   
  1.20   0.50  0.50   10   0.00044001    0.02709527    0.00613473    0.01623937    0.03584524   
  1.20   0.50  0.50   11   0.00039606    0.02709527    0.00613473    0.01461717    0.03782119   
  1.20   0.50  0.50   12   0.00033141    0.02709527    0.00613473    0.01223146    0.03655472   
  1.20   0.50  0.50   13   0.00030518    0.02709527    0.00613473    0.01126311    0.03825079   
  1.20   0.50  0.50   14   0.00026220    0.02709527    0.00613473    0.00967709    0.03711603   
  1.20   0.50  0.50   15   0.00024532    0.02709527    0.00613473    0.00905416    0.03860878   
  1.20   0.50  0.50   16   0.00021495    0.02709527    0.00613473    0.00793314    0.03757741   
  1.20   0.50  0.50   17   0.00020343    0.02709527    0.00613473    0.00750790    0.03891542   
  1.20   0.50  0.50   18   0.00018096    0.02709527    0.00613473    0.00667852    0.03796729   
  1.20   0.50  0.50   19   0.00017270    0.02709527    0.00613473    0.00637385    0.03918306   
  1.20   0.50  0.50   20   0.00015548    0.02709527    0.00613473    0.00573843    0.03830359   
  1.20   0.50  0.50   21   0.00014933    0.02709527    0.00613473    0.00551127    0.03941983   
  1.20   0.50  0.50   22   0.00013577    0.02709527    0.00613473    0.00501098    0.03859825   
  1.20   0.50  0.50   23   0.00013103    0.02709527    0.00613473    0.00483590    0.03963145   
  1.20   0.50  0.50   24   0.00012012    0.02709527    0.00613473    0.00443332    0.03885961   
  1.20   0.50  0.50   28   0.00009695    0.02709527    0.00613473    0.00357797    0.03930515   
  1.20   0.50  0.50   32   0.00008070    0.02709527    0.00613473    0.00297849    0.03967316   
  1.20   0.50  0.50   40   0.00005959    0.02709527    0.00613473    0.00219918    0.04025052   
  1.20   0.50  0.50   48   0.00004653    0.02709527    0.00613473    0.00171733    0.04068635   
  1.20   0.50  0.50   64   0.00003135    0.02709527    0.00613473    0.00115690    0.04130563   

PART 3  MARGINAL COST OF THE k-TH RECORD, and its SIGN -- a sign change would be a
  qualitative threshold.  d1(k) = chi_crowded(k) - chi_crowded(k-1);
  dR(k) = chi_register(k) - chi_register(k-1).
  lam    e     beta   k    d1(k)          dR(k)          sgn d1    sgn dR   
  ----------------------------------------------------------------------------
  0.40   1.00  2.00   2    -0.15100968    0.06763197     -         +        
  0.40   1.00  2.00   3    -0.05921644    0.09568217     -         +        
  0.40   1.00  2.00   4    -0.02032430    0.02682141     -         +        
  0.40   1.00  2.00   5    -0.01170800    0.05191706     -         +        
  0.40   1.00  2.00   6    -0.00740629    0.01391814     -         +        
  0.40   1.00  2.00   7    -0.00497486    0.03558134     -         +        
  0.40   1.00  2.00   8    -0.00360427    0.00803325     -         +        
  0.40   1.00  2.00   9    -0.00270030    0.02658866     -         +        
  0.40   1.00  2.00   10   -0.00207558    0.00503958     -         +        
  0.40   1.00  2.00   11   -0.00164503    0.02091112     -         +        
  0.40   1.00  2.00   12   -0.00135049    0.00331470     -         +        
  0.40   1.00  2.00   13   -0.00106901    0.01707881     -         +        
  0.40   1.00  2.00   14   -0.00096195    0.00220859     -         +        
  0.40   1.00  2.00   15   -0.00072398    0.01437916     -         +        
  0.40   1.00  2.00   16   -0.00073116    0.00143815     -         +        
  0.40   1.00  2.00   17   -0.00050499    0.01241207     -         +        
  0.40   1.00  2.00   18   -0.00058156    0.00086869     -         +        
  0.40   1.00  2.00   19   -0.00036039    0.01093529     -         +        
  0.40   1.00  2.00   20   -0.00047734    0.00043015     -         +        
  0.40   1.00  2.00   21   -0.00026209    0.00979583     -         +        
  0.40   1.00  2.00   22   -0.00040047    0.00008272     -         +        
  0.40   1.00  2.00   23   -0.00019373    0.00889431     -         +        
  0.40   1.00  2.00   24   -0.00034124    -0.00019805    -         -        
  0.40   1.00  2.00   25   -0.00014526    0.00816469     -         +        
  0.40   1.00  2.00   26   -0.00029407    -0.00042831    -         -        
  0.40   1.00  2.00   27   -0.00011032    0.00756213     -         +        
  0.40   1.00  2.00   28   -0.00025560    -0.00061924    -         -        
  0.40   1.00  2.00   29   -0.00008478    0.00705560     -         +        
  0.40   1.00  2.00   30   -0.00022366    -0.00077898    -         -        
  0.40   1.00  2.00   31   -0.00006585    0.00662319     -         +        
  0.40   1.00  2.00   32   -0.00019679    -0.00091359    -         -        
  0.80   1.00  2.00   2    -0.38511861    -0.01945083    -         -        
  0.80   1.00  2.00   3    -0.06462547    0.13570817     -         +        
  0.80   1.00  2.00   4    -0.02662064    -0.02761598    -         -        
  0.80   1.00  2.00   5    -0.01163212    0.07777136     -         +        
  0.80   1.00  2.00   6    -0.00922342    -0.02614115    -         -        
  0.80   1.00  2.00   7    -0.00408570    0.05600861     -         +        
  0.80   1.00  2.00   8    -0.00459832    -0.02312897    -         -        
  0.80   1.00  2.00   9    -0.00186448    0.04304892     -         +        
  0.80   1.00  2.00   10   -0.00266575    -0.01969612    -         -        
  0.80   1.00  2.00   11   -0.00094909    0.03383415     -         +        
  0.80   1.00  2.00   12   -0.00171528    -0.01636922    -         -        
  0.80   1.00  2.00   13   -0.00050583    0.02683646     -         +        
  0.80   1.00  2.00   14   -0.00119677    -0.01336542    -         -        
  0.80   1.00  2.00   15   -0.00027256    0.02136639     -         +        
  0.80   1.00  2.00   16   -0.00088848    -0.01074314    -         -        
  0.80   1.00  2.00   17   -0.00014366    0.01701946     -         +        
  0.80   1.00  2.00   18   -0.00069079    -0.00849260    -         -        
  0.80   1.00  2.00   19   -0.00007041    0.01352587     -         +        
  0.80   1.00  2.00   20   -0.00055550    -0.00657870    -         -        
  0.80   1.00  2.00   21   -0.00002838    0.01069402     -         +        
  0.80   1.00  2.00   22   -0.00045776    -0.00495947    -         -        
  0.80   1.00  2.00   23   -0.00000451    0.00838294     -         +        
  0.80   1.00  2.00   24   -0.00038401    -0.00359370    -         -        
  0.80   1.00  2.00   25   0.00000851     0.00648640     +         +        
  0.80   1.00  2.00   26   -0.00032642    -0.00244386    -         -        
  0.80   1.00  2.00   27   0.00001495     0.00492294     +         +        
  0.80   1.00  2.00   28   -0.00028023    -0.00147698    -         -        
  0.80   1.00  2.00   29   0.00001739     0.00362919     +         +        
  0.80   1.00  2.00   30   -0.00024241    -0.00066471    -         -        
  0.80   1.00  2.00   31   0.00001741     0.00255531     +         +        
  0.80   1.00  2.00   32   -0.00021092    0.00001708     -         +        
  1.20   1.00  2.00   2    -0.47202701    -0.06017066    -         -        
  1.20   1.00  2.00   3    -0.05768294    0.16373901     -         +        
  1.20   1.00  2.00   4    -0.03043717    -0.05584055    -         -        
  1.20   1.00  2.00   5    -0.00900082    0.09612440     -         +        
  1.20   1.00  2.00   6    -0.00980736    -0.04794661    -         -        
  1.20   1.00  2.00   7    -0.00276491    0.07053052     -         +        
  1.20   1.00  2.00   8    -0.00474124    -0.04261378    -         -        
  1.20   1.00  2.00   9    -0.00109056    0.05741996     -         +        
  1.20   1.00  2.00   10   -0.00277960    -0.03901029    -         -        
  1.20   1.00  2.00   11   -0.00048048    0.04959303     -         +        
  1.20   1.00  2.00   12   -0.00181826    -0.03640892    -         -        
  1.20   1.00  2.00   13   -0.00022004    0.04440132     -         +        
  1.20   1.00  2.00   14   -0.00127521    -0.03440001    -         -        
  1.20   1.00  2.00   15   -0.00009766    0.04067308     -         +        
  1.20   1.00  2.00   16   -0.00093850    -0.03275947    -         -        
  1.20   1.00  2.00   17   -0.00003588    0.03782444     -         +        
  1.20   1.00  2.00   18   -0.00071602    -0.03135797    -         -        
  1.20   1.00  2.00   19   -0.00000271    0.03553698     -         +        
  1.20   1.00  2.00   20   -0.00056220    -0.03011669    -         -        
  1.20   1.00  2.00   21   0.00001612     0.03362448     +         +        
  1.20   1.00  2.00   22   -0.00045214    -0.02898585    -         -        
  1.20   1.00  2.00   23   0.00002725     0.03197214     +         +        
  1.20   1.00  2.00   24   -0.00037118    -0.02793355    -         -        
  1.20   1.00  2.00   25   0.00003398     0.03050643     +         +        
  1.20   1.00  2.00   26   -0.00031022    -0.02693935    -         -        
  1.20   1.00  2.00   27   0.00003801     0.02917903     +         +        
  1.20   1.00  2.00   28   -0.00026335    -0.02599024    -         -        
  1.20   1.00  2.00   29   0.00004029     0.02795755     +         +        
  1.20   1.00  2.00   30   -0.00022664    -0.02507810    -         -        
  1.20   1.00  2.00   31   0.00004140     0.02682001     +         +        
  1.20   1.00  2.00   32   -0.00019739    -0.02419798    -         -        
