====================================================================================================================================================================================================
S8  MASTER TABLE -- EVERY ORDER PARAMETER AGAINST k, EVERY FAMILY, CONTROLS IN THE SAME TABLE
====================================================================================================================================================================================================
  family A : [[n,n-2,2]]   one block, k = n-2, distance 2
  family B : [[4,2,2]]^m   m blocks,  k = 2m,   distance 2
  family C : [[5,1,3]]^m   m blocks,  k = m,    distance 3
  bath columns at the fixed venue scale nB = 8, round-robin;  chi columns at lam = 0.8,
  e = 1.0, beta = 2.0, time-averaged over 25 times in [1,13].  chi_ALONE and chi_SPREAD are
  the controls: both are the q = 1 value and are printed on every row so no zero or
  suppression below stands without something beside it that would have registered.

  fam n   k   dim     ov_edge ov_ncomp ov_giant ov_clus ov_lapgap ov_lmax/tr cf1_max cf2_edge cf2_ncomp cf2_max prot_r reach2 reach3 reach2/2k r*/n   blockdim bath_giant bath_ncomp bath_perc share/site chi_REC   chi_ALONE chi_SPREAD chi/spread chi_REGISTER
  --------------------------------------------------------------------------------------------------------------------------------------------------------------------------------------------------
  C   5   1   2^5     0.0000  1        1.0000   0.0000  0.0000    0.0000     0       0.0000   1         0       3      0      2      0.0000    0.6000 1        1.0000     1          True      1          0.521527  0.521527  0.521527   1.000000   0.521527    
  A   4   2   2^4     1.0000  1        1.0000   0.0000  2.0000    0.5000     0       1.0000   1         2       2      2      4      0.5000    0.7500 1        1.0000     1          True      2          0.136409  0.521527  0.521527   0.261556   0.502076    
  B   4   2   2^4     1.0000  1        1.0000   0.0000  2.0000    0.5000     0       1.0000   1         2       2      2      4      0.5000    0.7500 1        1.0000     1          True      2          0.136409  0.521527  0.521527   0.261556   0.502076    
  C   10  2   2^10    0.0000  2        0.5000   0.0000  0.0000    0.0000     0       0.0000   2         0       3      0      2      0.0000    0.6000 1        1.0000     1          True      1          0.521527  0.521527  0.521527   1.000000   0.521527    
  C   15  3   2^15    0.0000  3        0.3333   0.0000  0.0000    0.0000     0       0.0000   3         0       3      0      2      0.0000    0.5333 1        1.0000     1          True      1          0.521527  0.521527  0.521527   1.000000   0.521527    
  A   6   4   2^6     1.0000  1        1.0000   1.0000  4.0000    0.2500     0       0.5000   1         2       2      2      4      0.2500    0.8333 1        1.0000     1          True      4          0.045163  0.521527  0.521527   0.086597   0.610169    
  B   8   4   2^8     0.3333  2        0.5000   0.0000  0.0000    0.2500     0       0.3333   2         2       2      2      4      0.2500    0.7500 1        0.5000     2          False     2          0.136409  0.521527  0.521527   0.261556   0.502076    
  C   20  4   2^20    0.0000  4        0.2500   0.0000  0.0000    0.0000     0       0.0000   4         0       3      0      2      0.0000    0.8000 1        1.0000     1          True      1          0.521527  0.521527  0.521527   1.000000   0.521527    
  C   25  5   2^25    0.0000  5        0.2000   0.0000  0.0000    0.0000     0       0.0000   5         0       3      0      2      0.0000    0.8400 1        1.0000     1          True      1          0.521527  0.521527  0.521527   1.000000   0.521527    
  A   8   6   2^8     1.0000  1        1.0000   1.0000  6.0000    0.1667     0       0.3333   1         2       2      2      4      0.1667    0.8750 1        1.0000     1          True      6          0.024307  0.521527  0.521527   0.046607   0.661799    
  B   12  6   2^12    0.2000  3        0.3333   0.0000  0.0000    0.1667     0       0.2000   3         2       2      2      4      0.1667    0.8333 1        0.6667     2          True      2          0.136409  0.521527  0.521527   0.261556   0.502076    
  C   30  6   2^30    0.0000  6        0.1667   0.0000  0.0000    0.0000     0       0.0000   6         0       3      0      2      0.0000    0.7667 1        1.0000     1          True      1          0.521527  0.521527  0.521527   1.000000   0.521527    
  C   35  7   2^35    0.0000  7        0.1429   0.0000  0.0000    0.0000     0       0.0000   7         0       3      0      2      0.0000    0.8857 1        1.0000     1          True      1          0.521527  0.521527  0.521527   1.000000   0.521527    
  A   10  8   2^10    1.0000  1        1.0000   1.0000  8.0000    0.1250     0       0.2500   1         2       2      2      4      0.1250    0.9000 1        1.0000     1          True      8          0.015623  0.521527  0.521527   0.029956   0.694679    
  B   16  8   2^16    0.1429  4        0.2500   0.0000  0.0000    0.1250     0       0.1429   4         2       2      2      4      0.1250    0.8750 1        0.5000     2          False     2          0.136409  0.521527  0.521527   0.261556   0.502076    
  C   40  8   2^40    0.0000  8        0.1250   0.0000  0.0000    0.0000     0       0.0000   8         0       3      0      2      0.0000    0.9000 1        1.0000     1          True      1          0.521527  0.521527  0.521527   1.000000   0.521527    
  A   12  10  2^12    1.0000  1        1.0000   1.0000  10.0000   0.1000     0       0.2000   1         2       2      2      4      0.1000    0.9167 1        1.0000     1          True      10         0.011093  0.521527  0.521527   0.021270   0.718031    
  B   20  10  2^20    0.1111  5        0.2000   0.0000  0.0000    0.1000     0       0.1111   5         2       2      2      4      0.1000    0.9000 1        0.6000     2          True      2          0.136409  0.521527  0.521527   0.261556   0.502076    
  C   50  10  2^50    0.0000  10       0.1000   0.0000  0.0000    0.0000     0       0.0000   10        0       3      0      2      0.0000    0.9200 1        1.0000     1          True      1          0.521527  0.521527  0.521527   1.000000   0.521527    
  A   14  12  2^14    1.0000  1        1.0000   1.0000  12.0000   0.0833     0       0.1667   1         2       2      2      4      0.0833    0.9286 1        1.0000     1          True      12         0.008428  0.521527  0.521527   0.016161   0.735496    
  B   24  12  2^24    0.0909  6        0.1667   0.0000  0.0000    0.0833     0       0.0909   6         2       2      2      4      0.0833    0.9167 1        0.5000     2          False     2          0.136409  0.521527  0.521527   0.261556   0.502076    
  C   60  12  2^60    0.0000  12       0.0833   0.0000  0.0000    0.0000     0       0.0000   12        0       3      0      2      0.0000    0.8833 1        1.0000     1          True      1          0.521527  0.521527  0.521527   1.000000   0.521527    
  A   16  14  2^16    1.0000  1        1.0000   1.0000  14.0000   0.0714     0       0.1429   1         2       2      2      4      0.0714    0.9375 1        1.0000     1          True      14         0.006726  0.521527  0.521527   0.012896   0.748967    
  B   28  14  2^28    0.0769  7        0.1429   0.0000  0.0000    0.0714     0       0.0769   7         2       2      2      4      0.0714    0.9286 1        0.5714     2          True      2          0.136409  0.521527  0.521527   0.261556   0.502076    
  B   32  16  2^32    0.0667  8        0.1250   0.0000  0.0000    0.0625     0       0.0667   8         2       2      2      4      0.0625    0.9375 1        0.5000     2          False     2          0.136409  0.521527  0.521527   0.261556   0.502076    
  C   80  16  2^80    0.0000  16       0.0625   0.0000  0.0000    0.0000     0       0.0000   16        0       3      0      2      0.0000    0.9500 1        1.0000     1          True      1          0.521527  0.521527  0.521527   1.000000   0.521527    
  A   20  18  2^20    1.0000  1        1.0000   1.0000  18.0000   0.0556     0       0.1111   1         2       2      2      4      0.0556    0.9500 1        1.0000     1          True      18         0.004730  0.521527  0.521527   0.009070   0.768117    
  B   40  20  2^40    0.0526  10       0.1000   0.0000  0.0000    0.0500     0       0.0526   10        2       2      2      4      0.0500    0.9500 1        0.5000     2          False     2          0.136409  0.521527  0.521527   0.261556   0.502076    
  A   24  22  2^24    1.0000  1        1.0000   1.0000  22.0000   0.0455     0       0.0909   1         2       2      2      4      0.0455    0.9583 1        1.0000     1          True      22         0.003618  0.521527  0.521527   0.006938   0.780799    
  B   48  24  2^48    0.0435  12       0.0833   0.0000  0.0000    0.0417     0       0.0435   12        2       2      2      4      0.0417    0.9583 1        0.5000     2          False     2          0.136409  0.521527  0.521527   0.261556   0.502076    
  A   28  26  2^28    1.0000  1        1.0000   1.0000  26.0000   0.0385     0       0.0769   1         2       2      2      4      0.0385    0.9643 1        1.0000     1          True      26         0.002912  0.521527  0.521527   0.005583   0.789631    
  A   32  30  2^32    1.0000  1        1.0000   1.0000  30.0000   0.0333     0       0.0667   1         2       2      2      4      0.0333    0.9688 1        1.0000     1          True      30         0.002422  0.521527  0.521527   0.004643   0.796041    
  B   64  32  2^64    0.0323  16       0.0625   0.0000  0.0000    0.0312     0       0.0323   16        2       2      2      4      0.0312    0.9688 1        0.5000     2          False     2          0.136409  0.521527  0.521527   0.261556   0.502076    

READ, filled from the numbers above and nowhere else:
  * every column is either EXACTLY CONSTANT in k, or a smooth monotone decay/growth.
  * the only exact zeros -- cf1_max = 0 (no single site can flip a record) and family C's
    reach2 = 0 -- are zero at EVERY k in range, including the largest.  They do not turn on.
  * ov_clus = 0 at k = 2 is DEFINITIONAL, not an onset: two nodes admit no triangle.
  * their positive controls are on the same rows: cf2_max > 0 and reach3 > 0 everywhere,
    so the zeros are real zeros and not a dead probe.
