== B0  THE PAIRS AND THEIR RATIONAL RELATIONS — dim H IS THE OPERATIVE VARIABLE ==
   H := closure{ (x^k,y^k) } <= T^2.  dim H = 2 - (number of independent relations
   n1*alpha + n2*beta in Z).  Search |n1|,|n2| <= 60, tolerance 1e-25.
   A_S1PUB   f=pi, c=3pi/2         (S1 published)       dim H = 0   |H| = 4  (ATTAINED at every k = 0 mod 4)
   B_S3RES   f=2.0, c=11/10        (exactly resonant)   dim H = 1   relation: 11a -20b = 0
   C_BADAPP  (t,t^2), t=2cos(2pi/7)  cubic field        dim H = 2   no relation up to height 60  -> H = T^2
   D_RAND1   uniform, master seed 20260816 stream 1     dim H = 2   no relation up to height 60  -> H = T^2
   D_RAND2   uniform, master seed 20260816 stream 2     dim H = 2   no relation up to height 60  -> H = T^2
   D_RAND3   uniform, master seed 20260816 stream 3     dim H = 2   no relation up to height 60  -> H = T^2
   E_W07GEN  f=2pi*phi, c=2pi*phi^2 (W-07 'GENERIC')    dim H = 1   relation: 1a -1b = 0
   F_VWA     very well approximable, Q=2999999          dim H = 2   no relation up to height 60  -> H = T^2

================ READY STATE RS-G: (p11,p10,p01)=(0.4,0.3,0.3)  all three classes live ================
connection                                                  K    F(K)=min(1-|Z_k|)    argmin   SUM(1-|Z_k|)     SUM/K  -(1/K)SUMlog|Z_k|
A_S1PUB   f=pi, c=3pi/2         (S1 published)           1000         0.000000e+00         4       491.8861  0.491886        0.804718956
                                                        10000         0.000000e+00         4      4918.8612  0.491886        0.804718956
                                                       100000         0.000000e+00         4     49188.6117  0.491886        0.804718956
                                                      1000000         0.000000e+00         4    491886.1170  0.491886        0.804718956
                                                     10000000         0.000000e+00         4   4918861.1699  0.491886        0.804718956
                                                      N(eps):    1e-01    1e-02    1e-03    1e-04    1e-05    1e-06    1e-07    1e-08    1e-09    1e-10    1e-11    1e-12    1e-13    1e-14
                                                               2500000  2500000  2500000  2500000  2500000  2500000  2500000  2500000  2500000  2500000  2500000  2500000  2500000  2500000

B_S3RES   f=2.0, c=11/10        (exactly resonant)       1000         5.877027e-05       377       469.3472  0.469347        0.768204530
                                                        10000         2.708054e-07      7100      4692.0373  0.469204        0.767035368
                                                       100000         1.449968e-07     99023     46918.2637  0.469183        0.767029486
                                                      1000000         1.446358e-09    417392    469183.0757  0.469183        0.767016017
                                                     10000000         2.250331e-13   4272943   4691828.5972  0.469183        0.767015028
                                                      N(eps):    1e-01    1e-02    1e-03    1e-04    1e-05    1e-06    1e-07    1e-08    1e-09    1e-10    1e-11    1e-12    1e-13    1e-14
                                                                863831    90416    11660     3685     1167      366      114       34       11        2        2        2        0        0

C_BADAPP  (t,t^2), t=2cos(2pi/7)  cubic field            1000         1.766682e-03       409       469.0779  0.469078        0.766734843
                                                        10000         9.095790e-05      8361      4692.5380  0.469254        0.767794300
                                                       100000         1.973072e-05     33853     46918.7702  0.469188        0.767500979
                                                      1000000         9.414382e-07    692045    469189.0440  0.469189        0.767508935
                                                     10000000         2.455960e-07   3494078   4691887.2985  0.469189        0.767508004
                                                      N(eps):    1e-01    1e-02    1e-03    1e-04    1e-05    1e-06    1e-07    1e-08    1e-09    1e-10    1e-11    1e-12    1e-13    1e-14
                                                                861930    84105     8386      835       85        9        0        0        0        0        0        0        0        0

D_RAND1   uniform, master seed 20260816 stream 1         1000         5.055132e-04       894       469.6306  0.469631        0.768071840
                                                        10000         1.471855e-04      7006      4691.5965  0.469160        0.767544703
                                                       100000         2.748852e-05     42523     46919.4852  0.469195        0.767533189
                                                      1000000         1.349468e-06    115134    469189.0392  0.469189        0.767509195
                                                     10000000         3.876293e-08   1301991   4691886.7961  0.469189        0.767507830
                                                      N(eps):    1e-01    1e-02    1e-03    1e-04    1e-05    1e-06    1e-07    1e-08    1e-09    1e-10    1e-11    1e-12    1e-13    1e-14
                                                                861992    84074     8396      840       80        5        1        0        0        0        0        0        0        0

D_RAND2   uniform, master seed 20260816 stream 2         1000         1.023739e-03       193       469.2403  0.469240        0.766925199
                                                        10000         2.931776e-04      9657      4692.4364  0.469244        0.767773983
                                                       100000         3.243782e-06     78013     46919.1445  0.469191        0.767539620
                                                      1000000         7.666185e-07    122448    469188.9686  0.469189        0.767511065
                                                     10000000         8.014663e-08   4778879   4691886.9711  0.469189        0.767508933
                                                      N(eps):    1e-01    1e-02    1e-03    1e-04    1e-05    1e-06    1e-07    1e-08    1e-09    1e-10    1e-11    1e-12    1e-13    1e-14
                                                                861867    84063     8368      846       91        8        1        0        0        0        0        0        0        0

D_RAND3   uniform, master seed 20260816 stream 3         1000         2.478594e-04       139       467.2779  0.467278        0.762227739
                                                        10000         2.113107e-04      6031      4689.2484  0.468925        0.767219640
                                                       100000         1.125453e-05     99161     46919.4628  0.469195        0.767503252
                                                      1000000         7.277811e-07    838311    469191.4937  0.469191        0.767511931
                                                     10000000         2.520720e-07   5379945   4691885.0203  0.469189        0.767507607
                                                      N(eps):    1e-01    1e-02    1e-03    1e-04    1e-05    1e-06    1e-07    1e-08    1e-09    1e-10    1e-11    1e-12    1e-13    1e-14
                                                                861955    84112     8387      839       81        7        0        0        0        0        0        0        0        0

E_W07GEN  f=2pi*phi, c=2pi*phi^2 (W-07 'GENERIC')        1000         2.431511e-06       987       529.4082  0.529408        1.205199379
                                                        10000         5.175775e-08      6765      5295.3041  0.529530        1.203934622
                                                       100000         4.208225e-10     75025     52947.6150  0.529476        1.203965640
                                                      1000000         3.421548e-12    832040    529471.3986  0.529471        1.203973248
                                                     10000000         2.781930e-14   9227465   5294713.7230  0.529471        1.203972756
                                                      N(eps):    1e-01    1e-02    1e-03    1e-04    1e-05    1e-06    1e-07    1e-08    1e-09    1e-10    1e-11    1e-12    1e-13    1e-14
                                                               1864295   581960   183802    58115    18377     5811     1836      581      184       58       18        6        2        0

F_VWA     very well approximable, Q=2999999              1000         3.550902e-08       243       471.6945  0.471695        0.782188930
                                                        10000         3.550902e-08       243      4713.6235  0.471362        0.781140162
                                                       100000         3.550902e-08       243     47120.1605  0.471202        0.782214539
                                                      1000000         3.550902e-08       243    469449.4092  0.469449        0.770098166
                                                     10000000         3.609072e-23   2999999   4692147.6958  0.469215        0.767759351
                                                      N(eps):    1e-01    1e-02    1e-03    1e-04    1e-05    1e-06    1e-07    1e-08    1e-09    1e-10    1e-11    1e-12    1e-13    1e-14
                                                                863703    85180     8413      934      115       38       10        3        3        3        3        3        3        3

================ READY STATE RS-P: S1 published p=(1/2,0,0,1/4,1/4) -> (0.5,0,0.5) ================
connection                                                  K    F(K)=min(1-|Z_k|)    argmin   SUM(1-|Z_k|)     SUM/K  -(1/K)SUMlog|Z_k|
A_S1PUB   f=pi, c=3pi/2         (S1 published)           1000         0.000000e+00         2       500.0000  0.500000                inf
                                                        10000         0.000000e+00         2      5000.0000  0.500000                inf
                                                       100000         0.000000e+00         2     50000.0000  0.500000                inf
                                                      1000000         0.000000e+00         2    500000.0000  0.500000                inf
                                                     10000000         0.000000e+00         2   5000000.0000  0.500000                inf
                                                      N(eps):    1e-01    1e-02    1e-03    1e-04    1e-05    1e-06    1e-07    1e-08    1e-09    1e-10    1e-11    1e-12    1e-13    1e-14
                                                               5000000  5000000  5000000  5000000  5000000  5000000  5000000  5000000  5000000  5000000  5000000  5000000  5000000  5000000

B_S3RES   f=2.0, c=11/10        (exactly resonant)       1000         4.543410e-10       355       363.4077  0.363408        0.688603347
                                                        10000         4.543410e-10       355      3633.8792  0.363388        0.691572711
                                                       100000         4.543410e-10       355     36337.9845  0.363380        0.693205324
                                                      1000000         2.674798e-12    833719    363380.2774  0.363380        0.693189389
                                                     10000000         7.296382e-16   5419351   3633802.3520  0.363380        0.693147704
                                                      N(eps):    1e-01    1e-02    1e-03    1e-04    1e-05    1e-06    1e-07    1e-08    1e-09    1e-10    1e-11    1e-12    1e-13    1e-14
                                                               2871336   901070   284717    90033    28470     8992     2833      895      284       89       27        9        1        1

C_BADAPP  (t,t^2), t=2cos(2pi/7)  cubic field            1000         1.880897e-07       745       363.5780  0.363578        0.695339861
                                                        10000         1.813389e-09      5049      3633.8520  0.363385        0.692693786
                                                       100000         6.168647e-11     51235     36338.3227  0.363383        0.693177414
                                                      1000000         1.505529e-12    573683    363380.5699  0.363381        0.693144406
                                                     10000000         1.552784e-14   5373136   3633801.9919  0.363380        0.693146644
                                                      N(eps):    1e-01    1e-02    1e-03    1e-04    1e-05    1e-06    1e-07    1e-08    1e-09    1e-10    1e-11    1e-12    1e-13    1e-14
                                                               2871327   901066   284727    90033    28469     9002     2848      899      283       90       28        9        2        0

D_RAND1   uniform, master seed 20260816 stream 1         1000         6.622246e-07       516       364.0533  0.364053        0.695354059
                                                        10000         6.506209e-12      5458      3633.8698  0.363387        0.693711970
                                                       100000         6.506209e-12      5458     36338.7205  0.363387        0.693398499
                                                      1000000         2.019111e-15    870809    363379.9464  0.363380        0.693172920
                                                     10000000         2.019111e-15    870809   3633802.5839  0.363380        0.693146861
                                                      N(eps):    1e-01    1e-02    1e-03    1e-04    1e-05    1e-06    1e-07    1e-08    1e-09    1e-10    1e-11    1e-12    1e-13    1e-14
                                                               2871318   901065   284734    90032    28465     9006     2844      908      287       87       34       11        7        2

D_RAND2   uniform, master seed 20260816 stream 2         1000         3.027306e-06       240       363.4156  0.363416        0.692085474
                                                        10000         2.959820e-09      2546      3634.0202  0.363402        0.693166036
                                                       100000         1.039188e-12     81712     36338.3738  0.363384        0.693193945
                                                      1000000         1.039188e-12     81712    363380.5686  0.363381        0.693148828
                                                     10000000         3.529028e-14   2164095   3633802.1604  0.363380        0.693146781
                                                      N(eps):    1e-01    1e-02    1e-03    1e-04    1e-05    1e-06    1e-07    1e-08    1e-09    1e-10    1e-11    1e-12    1e-13    1e-14
                                                               2871324   901068   284727    90033    28470     9002     2847      899      284       88       27        8        2        0

D_RAND3   uniform, master seed 20260816 stream 3         1000         9.553074e-07       354       363.8866  0.363887        0.694183233
                                                        10000         3.339741e-08      2339      3634.1822  0.363418        0.693253042
                                                       100000         6.727180e-11     36362     36338.3692  0.363384        0.693168080
                                                      1000000         3.861238e-12    279555    363380.2584  0.363380        0.693147638
                                                     10000000         7.491017e-15   6770703   3633802.2500  0.363380        0.693146980
                                                      N(eps):    1e-01    1e-02    1e-03    1e-04    1e-05    1e-06    1e-07    1e-08    1e-09    1e-10    1e-11    1e-12    1e-13    1e-14
                                                               2871325   901067   284728    90032    28471     9002     2846      900      285       89       28        8        2        1

E_W07GEN  f=2pi*phi, c=2pi*phi^2 (W-07 'GENERIC')        1000         1.013130e-06       987       363.4007  0.363401        0.691987722
                                                        10000         2.156573e-08      6765      3634.1213  0.363412        0.693187403
                                                       100000         1.753427e-10     75025     36338.3889  0.363384        0.693169282
                                                      1000000         1.425645e-12    832040    363380.2221  0.363380        0.693146307
                                                     10000000         1.159137e-14   9227465   3633802.1472  0.363380        0.693147084
                                                      N(eps):    1e-01    1e-02    1e-03    1e-04    1e-05    1e-06    1e-07    1e-08    1e-09    1e-10    1e-11    1e-12    1e-13    1e-14
                                                               2871325   901068   284729    90032    28471     9002     2847      900      284       89       28        8        3        0

F_VWA     very well approximable, Q=2999999              1000         7.764642e-09       243       363.8268  0.363827        0.690695746
                                                        10000         7.764642e-09       243      3633.7888  0.363379        0.691415544
                                                       100000         2.653829e-10     25255     36338.1255  0.363381        0.693191123
                                                      1000000         5.483126e-13    680670    363380.6881  0.363381        0.693163708
                                                     10000000         7.619134e-24   2999999   3633802.5099  0.363380        0.693148526
                                                      N(eps):    1e-01    1e-02    1e-03    1e-04    1e-05    1e-06    1e-07    1e-08    1e-09    1e-10    1e-11    1e-12    1e-13    1e-14
                                                               2871327   901071   284727    90026    28459     9000     2848      902      283       90       30       10        3        3

wrote m2_b_sweep.pkl  (N(eps), log10 histogram, record-setters, totals per class)
